11019,'1032754',1417,,81,4,,,0
11019,'1032757',847,,82,4,,,0
11019,'1032758',1317,,83,4,,,0
11019,'1032760',2217,,84,4,,,0
11019,'1032761',2047,,85,4,,,0
11019,'1032765',1747,,86,4,,,0
11019,'1032766',1517,,87,4,,,0
11019,'1032768',1517,,88,4,,,0
11019,'1032771',2017,,89,4,,,0
11019,'1032772',1347,,90,4,,,0
11019,'1032774',847,,91,4,,,0
11019,'1032775',947,,92,4,,,0
11019,'1032776',1817,,93,4,,,0
11019,'1032777',1117,,94,4,,,0
11019,'1032779',1717,,95,4,,,0
11019,'1032780',1447,,96,4,,,0
11019,'1032781',1617,,97,4,,,0
11019,'1032784',1217,,98,4,,,0
11019,'1032785',1817,,99,4,,,0
11019,'1032787',1547,,100,4,,,0
11019,'1032795',1347,,101,4,,,0
11019,'1032796',1147,,102,4,,,0
11019,'1032798',1447,,103,4,,,0
11019,'1032801',1317,,104,4,,,0
11019,'1032803',1017,,105,4,,,0
11019,'1032804',1247,,106,4,,,0
11019,'1032807',1747,,107,4,,,0
11019,'1032809',1947,,108,4,,,0
11019,'1032810',1417,,109,4,,,0
11019,'1032814',1547,,110,4,,,0
11019,'1032816',1947,,111,4,,,0
11019,'1032817',1917,,112,4,,,0
11019,'1032820',847,,113,4,,,0
11019,'1032821',1217,,114,4,,,0
11019,'1032822',917,,115,4,,,0
11019,'1032823',947,,116,4,,,0
11019,'1032824',1017,,117,4,,,0
11019,'1032826',1647,,118,4,,,0
11019,'1032827',1047,,119,4,,,0
11019,'1032828',747,,120,4,,,0
11019,'1032831',1317,,121,4,,,0
11019,'1032834',1017,,122,4,,,0
11019,'1032838',2047,,123,4,,,0
11019,'1032839',1747,,124,4,,,0
11019,'1032841',1917,,125,4,,,0
11019,'1032846',717,,126,4,,,0
11019,'1032848',1847,,127,4,,,0
11019,'1032850',1547,,128,4,,,0
11019,'1032857',1817,,129,4,,,0
11019,'1032858',2017,,130,4,,,0
11019,'1032860',1047,,131,4,,,0
11019,'1032862',1847,,132,4,,,0
11019,'1032865',817,,133,4,,,0
11019,'1032866',917,,134,4,,,0
11019,'1032867',1617,,135,4,,,0
11019,'1032871',1647,,136,4,,,0
11019,'1032872',1417,,137,4,,,0
11019,'1032875',1117,,138,4,,,0
11019,'1032876',1117,,139,4,,,0
11019,'1032881',1847,,140,4,,,0
11019,'1032882',917,,141,4,,,0
11019,'1032883',2117,,142,4,,,0
11019,'1032885',1717,,143,4,,,0
11019,'1032887',1717,,144,4,,,0
11019,'1032890',1617,,145,4,,,0
11019,'1032892',947,,146,4,,,0
11019,'1032894',1247,,147,4,,,0
11019,'1032896',1047,,148,4,,,0
11019,'1032901',1147,,149,4,,,0
11019,'1032904',2147,,150,4,,,0
11019,'1032906',1247,,151,4,,,0
11019,'1032908',817,,152,4,,,0
11019,'1032909',817,,153,4,,,0
11019,'1032911',1347,,154,4,,,0
11019,'1032913',647,,155,4,,,0
11019,'1032917',1217,,156,4,,,0
11019,'1032919',1517,,157,4,,,0
11019,'1032926',1447,,158,4,,,0
11019,'1032928',1147,,159,4,,,0
11019,'1032930',1647,,160,4,,,0
