10019,'1034055',1705,2,1,22,,,0
10019,'1034056',1905,2,2,22,,,0
10019,'1034058',1805,2,3,22,,,0
10019,'1034059',735,2,4,22,,,0
10019,'1034062',1535,2,5,22,,,0
10019,'1034063',1405,2,6,22,,,0
10019,'1034066',1235,2,7,22,,,0
10019,'1034067',2105,2,8,22,,,0
10019,'1034068',2005,2,9,22,,,0
10019,'1034071',1305,2,10,22,,,0
10019,'1034073',1835,2,11,22,,,0
10019,'1034075',2205,2,12,22,,,0
10019,'1034076',935,2,13,22,,,0
10019,'1034078',1605,2,14,22,,,0
10019,'1034080',1005,2,15,22,,,0
10019,'1034081',2135,2,16,22,,,0
10019,'1034084',1905,2,17,22,,,0
10019,'1034086',1905,2,18,22,,,0
10019,'1034088',1805,2,19,22,,,0
10019,'1034089',1035,2,20,22,,,0
10019,'1034090',1535,2,21,22,,,0
10019,'1034093',2035,2,22,22,,,0
10019,'1034096',1805,2,23,22,,,0
10019,'1034097',1005,2,24,22,,,0
10019,'1034098',1735,2,25,22,,,0
10019,'1034099',905,2,26,22,,,0
10019,'1034101',1435,2,27,22,,,0
10019,'1034103',1305,2,28,22,,,0
10019,'1034109',2235,2,29,22,,,0
10019,'1034110',1035,2,30,22,,,0
10019,'1034111',1735,2,31,22,,,0
10019,'1034112',1835,2,32,22,,,0
10019,'1034114',1505,2,33,22,,,0
10019,'1034117',1205,2,34,22,,,0
10019,'1034118',1435,2,35,22,,,0
10019,'1034119',1535,2,36,22,,,0
10019,'1034125',1135,2,37,22,,,0
10019,'1034129',905,2,38,22,,,0
10019,'1034130',1035,2,39,22,,,0
10019,'1034131',1335,2,40,22,,,0
10019,'1034132',1435,2,41,22,,,0
10019,'1034133',1205,2,42,22,,,0
10019,'1034134',1705,2,43,22,,,0
10019,'1034137',1635,2,44,22,,,0
10019,'1034138',1105,2,45,22,,,0
10019,'1034141',1235,2,46,22,,,0
10019,'1034142',1235,2,47,22,,,0
10019,'1034143',935,2,48,22,,,0
10019,'1034146',1405,2,49,22,,,0
10019,'1034147',1505,2,50,22,,,0
10019,'1034148',1135,2,51,22,,,0
10019,'1034152',2005,2,52,22,,,0
10019,'1034153',1935,2,53,22,,,0
10019,'1034156',838,,54,22,,,0
10019,'1034159',1635,2,55,22,,,0
10019,'1034160',838,,56,22,,,0
10019,'1034163',1605,2,57,22,,,0
10019,'1034164',1735,2,58,22,,,0
10019,'1034166',1835,2,59,22,,,0
10019,'1034167',1635,2,60,22,,,0
10019,'1034170',1335,2,61,22,,,0
10019,'1034171',805,2,62,22,,,0
10019,'1034172',1705,2,63,22,,,0
10019,'1034173',935,2,64,22,,,0
10019,'1034174',1605,2,65,22,,,0
10019,'1034175',1335,2,66,22,,,0
10019,'1034176',835,2,67,22,,,0
10019,'1034177',1205,2,68,22,,,0
10019,'1034180',2105,2,69,22,,,0
10019,'1034181',1305,2,70,22,,,0
10019,'1034184',1005,2,71,22,,,0
10019,'1034186',2035,2,72,22,,,0
10019,'1034188',1135,2,73,22,,,0
10019,'1034189',1405,2,74,22,,,0
10019,'1034191',1505,2,75,22,,,0
10019,'1034197',1105,2,76,22,,,0
10019,'1034201',1105,2,77,22,,,0
10019,'1034203',713,2,78,22,,,0
10019,'1034206',905,2,79,22,,,0
10019,'1034207',1935,2,80,22,,,0
