46019,'1024244',1330,,493,13,,,0
46019,'1024245',830,,494,13,,,0
46019,'1024250',1200,,495,13,,,0
46019,'1024253',1600,,496,13,,,0
46019,'1024263',730,,497,13,,,0
46019,'1024264',1230,,498,13,,,0
46019,'1024266',800,,499,13,,,0
46019,'1024267',1430,,500,13,,,0
46019,'1024268',1630,,501,13,,,0
46019,'1024271',1500,,502,13,,,0
46019,'1024278',1700,,503,13,,,0
46019,'1024282',1130,,504,13,,,0
46019,'1024288',930,,505,13,,,0
46019,'1024289',1730,,506,13,,,0
46019,'1024295',1000,,507,13,,,0
46019,'1024296',1800,,508,13,,,0
46019,'1024297',1830,,509,13,,,0
46019,'1024300',1300,,510,13,,,0
46019,'1024301',900,,511,13,,,0
46019,'1024303',1530,,512,13,,,0
46019,'1024304',1100,,513,13,,,0
46019,'1024309',1400,,514,13,,,0
46019,'1024310',700,,515,13,,,0
46019,'1024312',1030,,516,13,,,0
