22019,'1022997',722,,291,10,,,0
22019,'1023022',752,,292,10,,,0
22019,'1023024',822,,293,10,,,0
22019,'1023029',652,,294,10,,,0
22019,'1031072',1652,,295,10,,,0
22019,'1031092',1752,,296,10,,,0
22019,'1031115',852,,297,10,,,0
22019,'1031118',1552,,298,10,,,0
22019,'1031144',1622,,299,10,,,0
22019,'1031148',1822,,300,10,,,0
22019,'1031154',1922,,301,10,,,0
22019,'1031183',1052,,302,10,,,0
22019,'1031207',1352,,303,10,,,0
22019,'1031214',922,,304,10,,,0
22019,'1031231',2022,,305,10,,,0
22019,'1031242',1852,,306,10,,,0
22019,'1031254',1122,,307,10,,,0
22019,'1031263',952,,308,10,,,0
22019,'1031347',822,,309,10,,,0
22019,'1031350',1722,,310,10,,,0
22019,'1031371',1422,,311,10,,,0
22019,'1031380',1322,,312,10,,,0
22019,'1031420',1222,,313,10,,,0
22019,'1031434',1252,,314,10,,,0
22019,'1031438',1952,,315,10,,,0
22019,'1031492',1022,,316,10,,,0
22019,'1031495',2052,,317,10,,,0
22019,'1031502',1152,,318,10,,,0
22019,'1031527',1522,,319,10,,,0
22019,'1031542',1452,,320,10,,,0
22019,'1032755',1552,,321,10,,,0
22019,'1032756',1822,,322,10,,,0
22019,'1032773',1652,,323,10,,,0
22019,'1032797',1252,,324,10,,,0
22019,'1032815',1052,,325,10,,,0
22019,'1032835',1452,,326,10,,,0
22019,'1032845',922,,327,10,,,0
22019,'1032853',1222,,328,10,,,0
22019,'1032859',1122,,329,10,,,0
22019,'1032863',1752,,330,10,,,0
22019,'1032864',1622,,331,10,,,0
22019,'1032879',1022,,332,10,,,0
22019,'1032880',1322,,333,10,,,0
22019,'1032886',1152,,334,10,,,0
22019,'1032888',1352,,335,10,,,0
22019,'1032891',1722,,336,10,,,0
22019,'1032902',852,,337,10,,,0
22019,'1032903',952,,338,10,,,0
22019,'1032927',1422,,339,10,,,0
22019,'1032931',1522,,340,10,,,0
