53019,'1034060',732,,526,3,,,0
53019,'1034065',1402,,529,3,,,0
53019,'1034070',1532,,531,3,,,0
53019,'1034074',932,,533,3,,,0
53019,'1034079',1632,,535,3,,,0
53019,'1034082',1732,,536,3,,,0
53019,'1034087',832,,539,3,,,0
53019,'1034102',802,,545,3,,,0
53019,'1034106',1232,,548,3,,,0
53019,'1034115',1132,,552,3,,,0
53019,'1034120',1702,,554,3,,,0
53019,'1034122',702,,556,3,,,0
53019,'1034124',1602,,558,3,,,0
53019,'1034127',902,,560,3,,,0
53019,'1034128',1332,,561,3,,,0
53019,'1034151',1032,,570,3,,,0
53019,'1034165',1502,,577,3,,,0
53019,'1034168',1202,,578,3,,,0
53019,'1034178',1302,,580,3,,,0
53019,'1034192',1802,,587,3,,,0
53019,'1034194',1102,,589,3,,,0
53019,'1034196',1002,,591,3,,,0
53019,'1034204',1432,,596,3,,,0
53019,'1034205',632,,597,3,,,0
