20019,'1026880',1247,,161,3,,,0
20019,'1026881',1517,,162,3,,,0
20019,'1026885',1747,,163,3,,,0
20019,'1026887',1047,,164,3,,,0
20019,'1026888',1447,,165,3,,,0
20019,'1026889',847,,166,3,,,0
20019,'1026891',1617,,167,3,,,0
20019,'1026892',717,,168,3,,,0
20019,'1026899',1147,,169,3,,,0
20019,'1026900',1547,,170,3,,,0
20019,'1026901',1817,,171,3,,,0
20019,'1026903',917,,172,3,,,0
20019,'1026905',1117,,173,3,,,0
20019,'1026906',1217,,174,3,,,0
20019,'1026907',947,,175,3,,,0
20019,'1026909',1717,,176,3,,,0
20019,'1026911',647,,177,3,,,0
20019,'1026912',1647,,178,3,,,0
20019,'1026914',1347,,179,3,,,0
20019,'1026915',747,,180,3,,,0
20019,'1026918',817,,181,3,,,0
20019,'1026919',1417,,182,3,,,0
20019,'1026921',1317,,183,3,,,0
20019,'1026922',1017,,184,3,,,0
20019,'1031076',1147,,185,3,,,0
20019,'1031114',847,,186,3,,,0
20019,'1031117',1647,,187,3,,,0
20019,'1031123',1447,,188,3,,,0
20019,'1031134',1617,,189,3,,,0
20019,'1031180',1417,,190,3,,,0
20019,'1031230',947,,191,3,,,0
20019,'1031240',1747,,192,3,,,0
20019,'1031246',1247,,193,3,,,0
20019,'1031248',1947,,194,3,,,0
20019,'1031270',1217,,195,3,,,0
20019,'1031271',1717,,196,3,,,0
20019,'1031273',1347,,197,3,,,0
20019,'1031309',1117,,198,3,,,0
20019,'1031316',2017,,199,3,,,0
20019,'1031367',917,,200,3,,,0
20019,'1031377',1817,,201,3,,,0
20019,'1031397',1917,,202,3,,,0
20019,'1031410',2047,,203,3,,,0
20019,'1031412',1517,,204,3,,,0
20019,'1031441',1847,,205,3,,,0
20019,'1031442',1317,,206,3,,,0
20019,'1031468',817,,207,3,,,0
20019,'1031488',1547,,208,3,,,0
20019,'1031519',1017,,209,3,,,0
20019,'1031541',1047,,210,3,,,0
