10019,'1034055',1645,,1,2,,,0
10019,'1034056',1845,,2,2,,,0
10019,'1034058',1745,,3,2,,,0
10019,'1034059',715,,4,2,,,0
10019,'1034062',1515,,5,2,,,0
10019,'1034063',1345,,6,2,,,0
10019,'1034066',1215,,7,2,,,0
10019,'1034067',2045,,8,2,,,0
10019,'1034068',1945,,9,2,,,0
10019,'1034071',1245,,10,2,,,0
10019,'1034073',1815,,11,2,,,0
10019,'1034075',2145,,12,2,,,0
10019,'1034076',915,,13,2,,,0
10019,'1034078',1545,,14,2,,,0
10019,'1034080',945,,15,2,,,0
10019,'1034081',2115,,16,2,,,0
10019,'1034084',1845,,17,2,,,0
10019,'1034086',1845,,18,2,,,0
10019,'1034088',1745,,19,2,,,0
10019,'1034089',1015,,20,2,,,0
10019,'1034090',1515,,21,2,,,0
10019,'1034093',2015,,22,2,,,0
10019,'1034096',1745,,23,2,,,0
10019,'1034097',945,,24,2,,,0
10019,'1034098',1715,,25,2,,,0
10019,'1034099',845,,26,2,,,0
10019,'1034101',1415,,27,2,,,0
10019,'1034103',1245,,28,2,,,0
10019,'1034109',2215,,29,2,,,0
10019,'1034110',1015,,30,2,,,0
10019,'1034111',1715,,31,2,,,0
10019,'1034112',1815,,32,2,,,0
10019,'1034114',1445,,33,2,,,0
10019,'1034117',1145,,34,2,,,0
10019,'1034118',1415,,35,2,,,0
10019,'1034119',1515,,36,2,,,0
10019,'1034125',1115,,37,2,,,0
10019,'1034129',845,,38,2,,,0
10019,'1034130',1015,,39,2,,,0
10019,'1034131',1315,,40,2,,,0
10019,'1034132',1415,,41,2,,,0
10019,'1034133',1145,,42,2,,,0
10019,'1034134',1645,,43,2,,,0
10019,'1034137',1615,,44,2,,,0
10019,'1034138',1045,,45,2,,,0
10019,'1034141',1215,,46,2,,,0
10019,'1034142',1215,,47,2,,,0
10019,'1034143',915,,48,2,,,0
10019,'1034146',1345,,49,2,,,0
10019,'1034147',1445,,50,2,,,0
10019,'1034148',1115,,51,2,,,0
10019,'1034152',1945,,52,2,,,0
10019,'1034153',1915,,53,2,,,0
10019,'1034156',815,,54,2,,,0
10019,'1034159',1615,,55,2,,,0
10019,'1034160',815,,56,2,,,0
10019,'1034163',1545,,57,2,,,0
10019,'1034164',1715,,58,2,,,0
10019,'1034166',1815,,59,2,,,0
10019,'1034167',1615,,60,2,,,0
10019,'1034170',1315,,61,2,,,0
10019,'1034171',745,,62,2,,,0
10019,'1034172',1645,,63,2,,,0
10019,'1034173',915,,64,2,,,0
10019,'1034174',1545,,65,2,,,0
10019,'1034175',1315,,66,2,,,0
10019,'1034176',815,,67,2,,,0
10019,'1034177',1145,,68,2,,,0
10019,'1034180',2045,,69,2,,,0
10019,'1034181',1245,,70,2,,,0
10019,'1034184',945,,71,2,,,0
10019,'1034186',2015,,72,2,,,0
10019,'1034188',1115,,73,2,,,0
10019,'1034189',1345,,74,2,,,0
10019,'1034191',1445,,75,2,,,0
10019,'1034197',1045,,76,2,,,0
10019,'1034201',1045,,77,2,,,0
10019,'1034203',645,,78,2,,,0
10019,'1034206',845,,79,2,,,0
10019,'1034207',1915,,80,2,,,0
