22019,'1022997',735,2,291,18,,,0
22019,'1023022',805,2,292,18,,,0
22019,'1023024',835,2,293,18,,,0
22019,'1023029',705,2,294,18,,,0
22019,'1031072',1705,2,295,17,,,0
22019,'1031092',1805,2,296,17,,,0
22019,'1031115',905,2,297,17,,,0
22019,'1031118',1605,2,298,17,,,0
22019,'1031144',1635,2,299,17,,,0
22019,'1031148',1835,2,300,17,,,0
22019,'1031154',1935,2,301,17,,,0
22019,'1031183',1105,2,302,17,,,0
22019,'1031207',1405,2,303,17,,,0
22019,'1031214',935,2,304,17,,,0
22019,'1031231',2035,2,305,17,,,0
22019,'1031242',1905,2,306,17,,,0
22019,'1031254',1135,2,307,17,,,0
22019,'1031263',1005,2,308,17,,,0
22019,'1031347',835,2,309,17,,,0
22019,'1031350',1735,2,310,17,,,0
22019,'1031371',1435,2,311,17,,,0
22019,'1031380',1335,2,312,17,,,0
22019,'1031420',1235,2,313,17,,,0
22019,'1031434',1305,2,314,17,,,0
22019,'1031438',2005,2,315,17,,,0
22019,'1031492',1035,2,316,17,,,0
22019,'1031495',2105,2,317,17,,,0
22019,'1031502',1205,2,318,17,,,0
22019,'1031527',1535,2,319,17,,,0
22019,'1031542',1505,2,320,17,,,0
22019,'1032755',1605,2,321,18,,,0
22019,'1032756',1835,2,322,18,,,0
22019,'1032773',1705,2,323,18,,,0
22019,'1032797',1305,2,324,18,,,0
22019,'1032815',1105,2,325,18,,,0
22019,'1032835',1505,2,326,18,,,0
22019,'1032845',935,2,327,18,,,0
22019,'1032853',1235,2,328,18,,,0
22019,'1032859',1135,2,329,18,,,0
22019,'1032863',1805,2,330,18,,,0
22019,'1032864',1635,2,331,18,,,0
22019,'1032879',1035,2,332,18,,,0
22019,'1032880',1335,2,333,18,,,0
22019,'1032886',1205,2,334,18,,,0
22019,'1032888',1405,2,335,18,,,0
22019,'1032891',1735,2,336,18,,,0
22019,'1032902',905,2,337,18,,,0
22019,'1032903',1005,2,338,18,,,0
22019,'1032927',1435,2,339,18,,,0
22019,'1032931',1535,2,340,18,,,0
