11019,'1032754',1424,,81,9,,,0
11019,'1032757',854,,82,9,,,0
11019,'1032758',1324,,83,9,,,0
11019,'1032760',2224,,84,9,,,0
11019,'1032761',2054,,85,9,,,0
11019,'1032765',1754,,86,9,,,0
11019,'1032766',1524,,87,9,,,0
11019,'1032768',1524,,88,9,,,0
11019,'1032771',2024,,89,9,,,0
11019,'1032772',1354,,90,9,,,0
11019,'1032774',854,,91,9,,,0
11019,'1032775',954,,92,9,,,0
11019,'1032776',1824,,93,9,,,0
11019,'1032777',1124,,94,9,,,0
11019,'1032779',1724,,95,9,,,0
11019,'1032780',1454,,96,9,,,0
11019,'1032781',1624,,97,9,,,0
11019,'1032784',1224,,98,9,,,0
11019,'1032785',1824,,99,9,,,0
11019,'1032787',1554,,100,9,,,0
11019,'1032795',1354,,101,9,,,0
11019,'1032796',1154,,102,9,,,0
11019,'1032798',1454,,103,9,,,0
11019,'1032801',1324,,104,9,,,0
11019,'1032803',1024,,105,9,,,0
11019,'1032804',1254,,106,9,,,0
11019,'1032807',1754,,107,9,,,0
11019,'1032809',1954,,108,9,,,0
11019,'1032810',1424,,109,9,,,0
11019,'1032814',1554,,110,9,,,0
11019,'1032816',1954,,111,9,,,0
11019,'1032817',1924,,112,9,,,0
11019,'1032820',854,,113,9,,,0
11019,'1032821',1224,,114,9,,,0
11019,'1032822',924,,115,9,,,0
11019,'1032823',954,,116,9,,,0
11019,'1032824',1024,,117,9,,,0
11019,'1032826',1654,,118,9,,,0
11019,'1032827',1054,,119,9,,,0
11019,'1032828',754,,120,9,,,0
11019,'1032831',1324,,121,9,,,0
11019,'1032834',1024,,122,9,,,0
11019,'1032838',2054,,123,9,,,0
11019,'1032839',1754,,124,9,,,0
11019,'1032841',1924,,125,9,,,0
11019,'1032846',724,,126,9,,,0
11019,'1032848',1854,,127,9,,,0
11019,'1032850',1554,,128,9,,,0
11019,'1032857',1824,,129,9,,,0
11019,'1032858',2024,,130,9,,,0
11019,'1032860',1054,,131,9,,,0
11019,'1032862',1854,,132,9,,,0
11019,'1032865',824,,133,9,,,0
11019,'1032866',924,,134,9,,,0
11019,'1032867',1624,,135,9,,,0
11019,'1032871',1654,,136,9,,,0
11019,'1032872',1424,,137,9,,,0
11019,'1032875',1124,,138,9,,,0
11019,'1032876',1124,,139,9,,,0
11019,'1032881',1854,,140,9,,,0
11019,'1032882',924,,141,9,,,0
11019,'1032883',2124,,142,9,,,0
11019,'1032885',1724,,143,9,,,0
11019,'1032887',1724,,144,9,,,0
11019,'1032890',1624,,145,9,,,0
11019,'1032892',954,,146,9,,,0
11019,'1032894',1254,,147,9,,,0
11019,'1032896',1054,,148,9,,,0
11019,'1032901',1154,,149,9,,,0
11019,'1032904',2154,,150,9,,,0
11019,'1032906',1254,,151,9,,,0
11019,'1032908',823,,152,9,,,0
11019,'1032909',824,,153,9,,,0
11019,'1032911',1354,,154,9,,,0
11019,'1032913',654,,155,9,,,0
11019,'1032917',1224,,156,9,,,0
11019,'1032919',1524,,157,9,,,0
11019,'1032926',1454,,158,9,,,0
11019,'1032928',1154,,159,9,,,0
11019,'1032930',1654,,160,9,,,0
