20019,'1026880',1255,,161,12,,,0
20019,'1026881',1525,,162,12,,,0
20019,'1026885',1755,,163,12,,,0
20019,'1026887',1055,,164,12,,,0
20019,'1026888',1455,,165,12,,,0
20019,'1026889',855,,166,12,,,0
20019,'1026891',1625,,167,12,,,0
20019,'1026892',725,,168,12,,,0
20019,'1026899',1155,,169,12,,,0
20019,'1026900',1555,,170,12,,,0
20019,'1026901',1825,,171,12,,,0
20019,'1026903',925,,172,12,,,0
20019,'1026905',1125,,173,12,,,0
20019,'1026906',1225,,174,12,,,0
20019,'1026907',955,,175,12,,,0
20019,'1026909',1725,,176,12,,,0
20019,'1026911',655,,177,12,,,0
20019,'1026912',1655,,178,12,,,0
20019,'1026914',1355,,179,12,,,0
20019,'1026915',755,,180,12,,,0
20019,'1026918',825,,181,12,,,0
20019,'1026919',1425,,182,12,,,0
20019,'1026921',1325,,183,12,,,0
20019,'1026922',1025,,184,12,,,0
20019,'1031076',1155,,185,12,,,0
20019,'1031114',855,,186,12,,,0
20019,'1031117',1655,,187,12,,,0
20019,'1031123',1455,,188,12,,,0
20019,'1031134',1625,,189,12,,,0
20019,'1031180',1425,,190,12,,,0
20019,'1031230',955,,191,12,,,0
20019,'1031240',1755,,192,12,,,0
20019,'1031246',1255,,193,12,,,0
20019,'1031248',1955,,194,12,,,0
20019,'1031270',1225,,195,12,,,0
20019,'1031271',1725,,196,12,,,0
20019,'1031273',1355,,197,12,,,0
20019,'1031309',1125,,198,12,,,0
20019,'1031316',2025,,199,12,,,0
20019,'1031367',925,,200,12,,,0
20019,'1031377',1825,,201,12,,,0
20019,'1031397',1925,,202,12,,,0
20019,'1031410',2055,,203,12,,,0
20019,'1031412',1525,,204,12,,,0
20019,'1031441',1855,,205,12,,,0
20019,'1031442',1325,,206,12,,,0
20019,'1031468',825,,207,12,,,0
20019,'1031488',1555,,208,12,,,0
20019,'1031519',1025,,209,12,,,0
20019,'1031541',1055,,210,12,,,0
