30019,'1022006',1900,,341,16,,,0
30019,'1022019',2000,,342,16,,,0
30019,'1022024',1930,,343,16,,,0
30019,'1022033',2100,,344,16,,,0
30019,'1022037',2200,,345,16,,,0
30019,'1022062',2230,,346,16,,,0
30019,'1022075',2030,,347,16,,,0
30019,'1022083',2130,,348,16,,,0
30019,'1031079',1100,,350,2,,,0
30019,'1031081',830,,351,2,,,0
30019,'1031086',1000,,354,2,,,0
30019,'1031094',1330,,355,2,,,0
30019,'1031133',1800,,359,2,,,0
30019,'1031208',1900,,364,2,,,0
30019,'1031244',1730,,366,2,,,0
30019,'1031280',2030,,370,2,,,0
30019,'1031287',1700,,371,2,,,0
30019,'1031295',1200,,373,2,,,0
30019,'1031299',1530,,375,2,,,0
30019,'1031305',1930,,376,2,,,0
30019,'1031308',2000,,378,2,,,0
30019,'1031322',1830,,379,2,,,0
30019,'1031351',1030,,382,2,,,0
30019,'1031405',1500,,385,2,,,0
30019,'1031453',1430,,387,2,,,0
30019,'1031454',930,,388,2,,,0
30019,'1031463',1400,,389,2,,,0
30019,'1031464',900,,390,2,,,0
30019,'1031484',2100,,392,2,,,0
30019,'1031490',1630,,393,2,,,0
30019,'1031521',1230,,396,2,,,0
30019,'1031523',1130,,397,2,,,0
30019,'1031531',1600,,399,2,,,0
30019,'1031535',1300,,400,2,,,0
30019,'1031760',1330,,403,2,,,0
30019,'1031761',1000,,404,2,,,0
30019,'1031764',1730,,407,2,,,0
30019,'1031766',930,,409,2,,,0
30019,'1031767',1630,,410,2,,,0
30019,'1031769',1800,,412,2,,,0
30019,'1031770',1530,,413,2,,,0
30019,'1031772',1700,,415,2,,,0
30019,'1031774',900,,417,2,,,0
30019,'1031784',830,,427,2,,,0
30019,'1031785',1600,,428,2,,,0
30019,'1031787',1030,,430,2,,,0
30019,'1031788',1130,,431,2,,,0
30019,'1031789',1200,,432,2,,,0
30019,'1031791',1230,,434,2,,,0
30019,'1031792',1900,,435,2,,,0
30019,'1031793',1100,,436,2,,,0
30019,'1031797',1400,,440,2,,,0
30019,'1031798',1830,,441,2,,,0
30019,'1031799',1430,,442,2,,,0
30019,'1031800',1300,,443,2,,,0
30019,'1031801',1500,,444,2,,,0
31019,'1023497',931,,445,2,0,5 6,0
31019,'1023498',1601,,446,2,0,5 6,0
31019,'1023502',1801,,447,2,0,5 6,0
31019,'1023504',1101,,448,2,0,5 6,0
31019,'1023514',1501,,449,2,0,5 6,0
31019,'1023515',831,,450,2,0,5 6,0
31019,'1023516',1331,,451,2,0,5 6,0
31019,'1023523',1431,,452,2,0,5 6,0
31019,'1023524',701,,453,2,0,5 6,0
31019,'1023532',1301,,454,2,0,5 6,0
31019,'1023535',1731,,455,2,0,5 6,0
31019,'1023540',1201,,456,2,0,5 6,0
31019,'1023543',1831,,457,2,0,5 6,0
31019,'1023553',1131,,458,2,0,5 6,0
31019,'1023555',1531,,459,2,0,5 6,0
31019,'1023561',1701,,460,2,0,5 6,0
31019,'1023562',1031,,461,2,0,5 6,0
31019,'1023568',1001,,462,2,0,5 6,0
31019,'1023572',1401,,463,2,0,5 6,0
31019,'1023574',901,,464,2,0,5 6,0
31019,'1023581',1231,,465,2,0,5 6,0
31019,'1023583',801,,466,2,0,5 6,0
31019,'1023586',731,,467,2,0,5 6,0
31019,'1023590',1631,,468,2,0,5 6,0
