56019,'1023995',908,,598,4,,,0
56019,'1023996',1038,,599,4,,,0
56019,'1024001',807,,600,4,,,0
56019,'1024009',1008,,601,4,,,0
56019,'1024011',1808,,602,4,,,0
56019,'1024012',1108,,603,4,,,0
56019,'1024019',1538,,604,4,,,0
56019,'1024026',1508,,605,4,,,0
56019,'1024027',1738,,606,4,,,0
56019,'1024031',1138,,607,4,,,0
56019,'1024039',1438,,608,4,,,0
56019,'1024041',638,,609,4,,,0
56019,'1024069',838,,610,4,,,0
56019,'1024071',938,,611,4,,,0
56019,'1024080',708,,612,4,,,0
56019,'1024083',1638,,613,4,,,0
56019,'1024089',1608,,614,4,,,0
56019,'1024090',1208,,615,4,,,0
56019,'1024116',1308,,616,4,,,0
56019,'1024120',1238,,617,4,,,0
56019,'1024130',1408,,618,4,,,0
56019,'1024135',1338,,619,4,,,0
56019,'1024139',1708,,620,4,,,0
56019,'1024140',738,,621,4,,,0
56019,'1031091',1738,,622,4,,,0
56019,'1031104',1338,,623,4,,,0
56019,'1031125',1538,,624,4,,,0
56019,'1031129',1238,,625,4,,,0
56019,'1031130',908,,626,4,,,0
56019,'1031138',838,,627,4,,,0
56019,'1031146',938,,628,4,,,0
56019,'1031158',1808,,629,4,,,0
56019,'1031174',1638,,630,4,,,0
56019,'1031176',1708,,631,4,,,0
56019,'1031184',1538,,632,4,,,0
56019,'1031187',908,,633,4,,,0
56019,'1031196',807,,634,4,,,0
56019,'1031201',1508,,635,4,,,0
56019,'1031204',1838,,636,4,,,0
56019,'1031209',1808,,637,4,,,0
56019,'1031212',838,,638,4,,,0
56019,'1031229',1308,,639,4,,,0
56019,'1031235',1208,,640,4,,,0
56019,'1031261',1408,,641,4,,,0
56019,'1031274',1138,,642,4,,,0
56019,'1031319',1508,,643,4,,,0
56019,'1031337',1908,,644,4,,,0
56019,'1031343',1908,,645,4,,,0
56019,'1031348',1408,,646,4,,,0
56019,'1031368',1738,,647,4,,,0
56019,'1031370',1038,,648,4,,,0
56019,'1031373',1308,,649,4,,,0
56019,'1031376',1008,,650,4,,,0
56019,'1031386',1208,,651,4,,,0
56019,'1031395',1438,,652,4,,,0
56019,'1031396',1938,,653,4,,,0
56019,'1031404',1608,,654,4,,,0
56019,'1031415',1238,,655,4,,,0
56019,'1031416',1038,,656,4,,,0
56019,'1031419',1108,,657,4,,,0
56019,'1031426',2008,,658,4,,,0
56019,'1031433',1338,,659,4,,,0
56019,'1031449',807,,660,4,,,0
56019,'1031469',1708,,661,4,,,0
56019,'1031476',1108,,662,4,,,0
56019,'1031478',1838,,663,4,,,0
56019,'1031481',1438,,664,4,,,0
56019,'1031515',2038,,665,4,,,0
56019,'1031520',1008,,666,4,,,0
56019,'1031522',1138,,667,4,,,0
56019,'1031528',1608,,668,4,,,0
56019,'1031532',938,,669,4,,,0
56019,'1031539',1638,,670,4,,,0
