30019,'1022006',1902,,341,22,,,0
30019,'1022019',2002,,342,22,,,0
30019,'1022024',1932,,343,22,,,0
30019,'1022033',2102,,344,22,,,0
30019,'1022037',2202,,345,22,,,0
30019,'1022062',2232,,346,22,,,0
30019,'1022075',2032,,347,22,,,0
30019,'1022083',2132,,348,22,,,0
30019,'1031079',1102,,350,8,,,0
30019,'1031081',832,,351,8,,,0
30019,'1031086',1002,,354,8,,,0
30019,'1031094',1332,,355,8,,,0
30019,'1031133',1802,,359,8,,,0
30019,'1031208',1902,,364,8,,,0
30019,'1031244',1732,,366,8,,,0
30019,'1031280',2032,,370,8,,,0
30019,'1031287',1702,,371,8,,,0
30019,'1031295',1202,,373,8,,,0
30019,'1031299',1532,,375,8,,,0
30019,'1031305',1932,,376,8,,,0
30019,'1031308',2002,,378,8,,,0
30019,'1031322',1832,,379,8,,,0
30019,'1031351',1032,,382,8,,,0
30019,'1031405',1502,,385,8,,,0
30019,'1031453',1432,,387,8,,,0
30019,'1031454',932,,388,8,,,0
30019,'1031463',1402,,389,8,,,0
30019,'1031464',902,,390,8,,,0
30019,'1031484',2102,,392,8,,,0
30019,'1031490',1632,,393,8,,,0
30019,'1031521',1232,,396,8,,,0
30019,'1031523',1132,,397,8,,,0
30019,'1031531',1602,,399,8,,,0
30019,'1031535',1302,,400,8,,,0
30019,'1031760',1332,,403,8,,,0
30019,'1031761',1002,,404,8,,,0
30019,'1031764',1732,,407,8,,,0
30019,'1031766',932,,409,8,,,0
30019,'1031767',1632,,410,8,,,0
30019,'1031769',1802,,412,8,,,0
30019,'1031770',1532,,413,8,,,0
30019,'1031772',1702,,415,8,,,0
30019,'1031774',902,,417,8,,,0
30019,'1031784',832,,427,8,,,0
30019,'1031785',1602,,428,8,,,0
30019,'1031787',1032,,430,8,,,0
30019,'1031788',1132,,431,8,,,0
30019,'1031789',1202,,432,8,,,0
30019,'1031791',1232,,434,8,,,0
30019,'1031792',1902,,435,8,,,0
30019,'1031793',1102,,436,8,,,0
30019,'1031797',1402,,440,8,,,0
30019,'1031798',1832,,441,8,,,0
30019,'1031799',1432,,442,8,,,0
30019,'1031800',1302,,443,8,,,0
30019,'1031801',1502,,444,8,,,0
