61019,'1023602',2200,,671,2,,,0
61019,'1023604',1030,,672,2,,,0
61019,'1023607',1130,,673,2,,,0
61019,'1023608',1500,,674,2,,,0
61019,'1023609',1530,,675,2,,,0
61019,'1023612',730,,676,2,,,0
61019,'1023613',1330,,677,2,,,0
61019,'1023615',2030,,678,2,,,0
61019,'1023616',1600,,679,2,,,0
61019,'1023617',700,,680,2,,,0
61019,'1023618',1800,,681,2,,,0
61019,'1023622',2130,,682,2,,,0
61019,'1023625',1300,,683,2,,,0
61019,'1023627',1830,,684,2,,,0
61019,'1023628',1900,,685,2,,,0
61019,'1023629',930,,686,2,,,0
61019,'1023630',1430,,687,2,,,0
61019,'1023631',630,,688,2,,,0
61019,'1023633',1400,,689,2,,,0
61019,'1023634',1630,,690,2,,,0
61019,'1023637',830,,691,2,,,0
61019,'1023640',2000,,692,2,,,0
61019,'1023642',900,,693,2,,,0
61019,'1023643',1700,,694,2,,,0
61019,'1023646',1730,,695,2,,,0
61019,'1023647',1230,,696,2,,,0
61019,'1023649',1930,,697,2,,,0
61019,'1023650',1100,,698,2,,,0
61019,'1023651',1000,,699,2,,,0
61019,'1023653',800,,700,2,,,0
61019,'1023654',2100,,701,2,,,0
61019,'1023655',1200,,702,2,,,0
61019,'1031073',1131,,703,2,,,0
61019,'1031088',1001,,704,2,,,0
61019,'1031106',1531,,705,2,,,0
61019,'1031112',1531,,706,2,,,0
61019,'1031128',931,,707,2,,,0
61019,'1031140',1001,,708,2,,,0
61019,'1031141',1131,,709,2,,,0
61019,'1031143',1331,,710,2,,,0
61019,'1031150',1801,,711,2,,,0
61019,'1031153',1931,,712,2,,,0
61019,'1031155',1331,,713,2,,,0
61019,'1031162',1601,,714,2,,,0
61019,'1031165',1831,,715,2,,,0
61019,'1031173',1301,,716,2,,,0
61019,'1031179',1101,,717,2,,,0
61019,'1031199',1231,,718,2,,,0
61019,'1031206',1301,,719,2,,,0
61019,'1031222',1731,,720,2,,,0
61019,'1031225',901,,721,2,,,0
61019,'1031226',2001,,722,2,,,0
61019,'1031228',1831,,723,2,,,0
61019,'1031252',831,,724,2,,,0
61019,'1031258',831,,725,2,,,0
61019,'1031260',801,,726,2,,,0
61019,'1031277',1701,,727,2,,,0
61019,'1031293',1501,,728,2,,,0
61019,'1031304',1401,,729,2,,,0
61019,'1031313',1101,,730,2,,,0
61019,'1031330',1431,,731,2,,,0
61019,'1031331',2031,,732,2,,,0
61019,'1031335',801,,733,2,,,0
61019,'1031357',1401,,734,2,,,0
61019,'1031359',1801,,735,2,,,0
61019,'1031360',1901,,736,2,,,0
61019,'1031362',1031,,737,2,,,0
61019,'1031375',1501,,738,2,,,0
61019,'1031384',1631,,739,2,,,0
61019,'1031388',1201,,740,2,,,0
61019,'1031391',1901,,741,2,,,0
61019,'1031407',1731,,742,2,,,0
61019,'1031411',1201,,743,2,,,0
61019,'1031414',901,,744,2,,,0
61019,'1031435',1601,,745,2,,,0
61019,'1031457',1631,,746,2,,,0
61019,'1031462',1231,,747,2,,,0
61019,'1031483',931,,748,2,,,0
61019,'1031501',1431,,749,2,,,0
61019,'1031516',1031,,750,2,,,0
61019,'1031526',1701,,751,2,,,0
