20019,'1026880',1310,,161,24,,,0
20019,'1026881',1540,,162,24,,,0
20019,'1026885',1810,,163,24,,,0
20019,'1026887',1110,,164,24,,,0
20019,'1026888',1510,,165,24,,,0
20019,'1026889',912,,166,24,,,0
20019,'1026891',1640,,167,24,,,0
20019,'1026892',740,,168,24,,,0
20019,'1026899',1210,,169,24,,,0
20019,'1026900',1610,,170,24,,,0
20019,'1026901',1840,,171,24,,,0
20019,'1026903',942,,172,24,,,0
20019,'1026905',1140,,173,24,,,0
20019,'1026906',1240,,174,24,,,0
20019,'1026907',1012,,175,24,,,0
20019,'1026909',1740,,176,24,,,0
20019,'1026911',712,,177,24,,,0
20019,'1026912',1710,,178,24,,,0
20019,'1026914',1410,,179,24,,,0
20019,'1026915',812,,180,24,,,0
20019,'1026918',840,,181,24,,,0
20019,'1026919',1440,,182,24,,,0
20019,'1026921',1340,,183,24,,,0
20019,'1026922',1040,,184,24,,,0
20019,'1031076',1210,,185,24,,,0
20019,'1031114',910,,186,24,,,0
20019,'1031117',1710,,187,24,,,0
20019,'1031123',1510,,188,24,,,0
20019,'1031134',1640,,189,24,,,0
20019,'1031180',1440,,190,24,,,0
20019,'1031230',1010,,191,24,,,0
20019,'1031240',1810,,192,24,,,0
20019,'1031246',1310,,193,24,,,0
20019,'1031248',2010,2,194,24,,,0
20019,'1031270',1240,,195,24,,,0
20019,'1031271',1740,,196,24,,,0
20019,'1031273',1410,,197,24,,,0
20019,'1031309',1140,,198,24,,,0
20019,'1031316',2040,,199,24,,,0
20019,'1031367',940,,200,24,,,0
20019,'1031377',1840,,201,24,,,0
20019,'1031397',1940,,202,24,,,0
20019,'1031410',2110,,203,24,,,0
20019,'1031412',1540,,204,24,,,0
20019,'1031441',1910,,205,24,,,0
20019,'1031442',1340,,206,24,,,0
20019,'1031468',840,,207,24,,,0
20019,'1031488',1610,,208,24,,,0
20019,'1031519',1040,,209,24,,,0
20019,'1031541',1110,,210,24,,,0
