53019,'1024242',1912,,517,12,,,0
53019,'1024246',2042,,518,12,,,0
53019,'1024254',2112,,519,12,,,0
53019,'1024269',2012,,520,12,,,0
53019,'1024272',2142,,521,12,,,0
53019,'1024279',2212,,522,12,,,0
53019,'1024280',1842,,523,12,,,0
53019,'1024313',1942,,524,12,,,0
53019,'1034057',1911,,525,9,,,0
53019,'1034060',742,,526,13,,,0
53019,'1034061',911,,527,9,,,0
53019,'1034064',1111,,528,9,,,0
53019,'1034065',1412,,529,13,,,0
53019,'1034069',1511,,530,9,,,0
53019,'1034070',1542,,531,13,,,0
53019,'1034072',1841,,532,9,,,0
53019,'1034074',942,,533,13,,,0
53019,'1034077',1211,,534,9,,,0
53019,'1034079',1642,,535,13,,,0
53019,'1034082',1742,,536,13,,,0
53019,'1034083',1741,,537,9,,,0
53019,'1034085',1541,,538,9,,,0
53019,'1034087',842,,539,13,,,0
53019,'1034091',841,,540,9,,,0
53019,'1034092',1011,,541,9,,,0
53019,'1034094',1441,,542,9,,,0
53019,'1034095',811,,543,9,,,0
53019,'1034100',1411,,544,9,,,0
53019,'1034102',812,,545,13,,,0
53019,'1034104',1741,,546,9,,,0
53019,'1034105',1411,,547,9,,,0
53019,'1034106',1242,,548,13,,,0
53019,'1034107',1111,,549,9,,,0
53019,'1034108',911,,550,9,,,0
53019,'1034113',1711,,551,9,,,0
53019,'1034115',1142,,552,13,,,0
53019,'1034116',1941,,553,9,,,0
53019,'1034120',1712,,554,13,,,0
53019,'1034121',841,,555,9,,,0
53019,'1034122',712,,556,13,,,0
53019,'1034123',1811,,557,9,,,0
53019,'1034124',1612,,558,13,,,0
53019,'1034126',1641,,559,9,,,0
53019,'1034127',912,,560,13,,,0
53019,'1034128',1342,,561,13,,,0
53019,'1034135',1611,,562,9,,,0
53019,'1034136',1441,,563,9,,,0
53019,'1034139',1241,,564,9,,,0
53019,'1034140',1041,,565,9,,,0
53019,'1034144',811,,566,9,,,0
53019,'1034145',1711,,567,9,,,0
53019,'1034149',1211,,568,9,,,0
53019,'1034150',1141,,569,9,,,0
53019,'1034151',1042,,570,13,,,0
53019,'1034154',1611,,571,9,,,0
53019,'1034155',1311,,572,9,,,0
53019,'1034157',2041,,573,9,,,0
53019,'1034158',1041,,574,9,,,0
53019,'1034161',1011,,575,9,,,0
53019,'1034162',1141,,576,9,,,0
53019,'1034165',1512,,577,13,,,0
53019,'1034168',1212,,578,13,,,0
53019,'1034169',2011,,579,9,,,0
53019,'1034178',1312,,580,13,,,0
53019,'1034179',1541,,581,9,,,0
53019,'1034182',1811,,582,9,,,0
53019,'1034183',941,,583,9,,,0
53019,'1034185',1241,,584,9,,,0
53019,'1034187',941,,585,9,,,0
53019,'1034190',1341,,586,9,,,0
53019,'1034192',1812,,587,13,,,0
53019,'1034193',1341,,588,9,,,0
53019,'1034194',1112,,589,13,,,0
53019,'1034195',1911,,590,9,,,0
53019,'1034196',1012,,591,13,,,0
53019,'1034198',1841,,592,9,,,0
53019,'1034199',1511,,593,9,,,0
53019,'1034200',1311,,594,9,,,0
53019,'1034202',1641,,595,9,,,0
53019,'1034204',1442,,596,13,,,0
53019,'1034205',642,,597,13,,,0
