22019,'1022997',718,,291,8,,,0
22019,'1023022',748,,292,8,,,0
22019,'1023024',818,,293,8,,,0
22019,'1023029',648,,294,8,,,0
22019,'1031072',1648,,295,8,,,0
22019,'1031092',1748,,296,8,,,0
22019,'1031115',848,,297,8,,,0
22019,'1031118',1548,,298,8,,,0
22019,'1031144',1618,,299,8,,,0
22019,'1031148',1818,,300,8,,,0
22019,'1031154',1918,,301,8,,,0
22019,'1031183',1048,,302,8,,,0
22019,'1031207',1348,,303,8,,,0
22019,'1031214',918,,304,8,,,0
22019,'1031231',2018,,305,8,,,0
22019,'1031242',1848,,306,8,,,0
22019,'1031254',1118,,307,8,,,0
22019,'1031263',948,,308,8,,,0
22019,'1031347',818,,309,8,,,0
22019,'1031350',1718,,310,8,,,0
22019,'1031371',1418,,311,8,,,0
22019,'1031380',1318,,312,8,,,0
22019,'1031420',1218,,313,8,,,0
22019,'1031434',1248,,314,8,,,0
22019,'1031438',1948,,315,8,,,0
22019,'1031492',1018,,316,8,,,0
22019,'1031495',2047,,317,8,,,0
22019,'1031502',1148,,318,8,,,0
22019,'1031527',1518,,319,8,,,0
22019,'1031542',1448,,320,8,,,0
22019,'1032755',1548,,321,8,,,0
22019,'1032756',1818,,322,8,,,0
22019,'1032773',1648,,323,8,,,0
22019,'1032797',1248,,324,8,,,0
22019,'1032815',1048,,325,8,,,0
22019,'1032835',1448,,326,8,,,0
22019,'1032845',918,,327,8,,,0
22019,'1032853',1218,,328,8,,,0
22019,'1032859',1118,,329,8,,,0
22019,'1032863',1748,,330,8,,,0
22019,'1032864',1618,,331,8,,,0
22019,'1032879',1018,,332,8,,,0
22019,'1032880',1318,,333,8,,,0
22019,'1032886',1148,,334,8,,,0
22019,'1032888',1348,,335,8,,,0
22019,'1032891',1718,,336,8,,,0
22019,'1032902',848,,337,8,,,0
22019,'1032903',948,,338,8,,,0
22019,'1032927',1418,,339,8,,,0
22019,'1032931',1518,,340,8,,,0
