46019,'1024244',1330,2,493,12,,,0
46019,'1024245',830,2,494,12,,,0
46019,'1024250',1200,42,495,12,,,0
46019,'1024253',1600,42,496,12,,,0
46019,'1024263',730,2,497,12,,,0
46019,'1024264',1230,2,498,12,,,0
46019,'1024266',800,42,499,12,,,0
46019,'1024267',1430,2,500,12,,,0
46019,'1024268',1630,2,501,12,,,0
46019,'1024271',1500,42,502,12,,,0
46019,'1024278',1700,42,503,12,,,0
46019,'1024282',1130,2,504,12,,,0
46019,'1024288',930,2,505,12,,,0
46019,'1024289',1730,2,506,12,,,0
46019,'1024295',1000,42,507,12,,,0
46019,'1024296',1800,42,508,12,,,0
46019,'1024297',1830,2,509,12,,,0
46019,'1024300',1300,42,510,12,,,0
46019,'1024301',900,42,511,12,,,0
46019,'1024303',1530,2,512,12,,,0
46019,'1024304',1100,42,513,12,,,0
46019,'1024309',1400,42,514,12,,,0
46019,'1024310',700,42,515,12,,,0
46019,'1024312',1030,2,516,12,,,0
