46019,'1024244',1324,,493,9,,,0
46019,'1024245',824,,494,9,,,0
46019,'1024250',1154,,495,9,,,0
46019,'1024253',1554,,496,9,,,0
46019,'1024263',724,,497,9,,,0
46019,'1024264',1224,,498,9,,,0
46019,'1024266',754,,499,9,,,0
46019,'1024267',1424,,500,9,,,0
46019,'1024268',1624,,501,9,,,0
46019,'1024271',1454,,502,9,,,0
46019,'1024278',1654,,503,9,,,0
46019,'1024282',1124,,504,9,,,0
46019,'1024288',924,,505,9,,,0
46019,'1024289',1724,,506,9,,,0
46019,'1024295',954,,507,9,,,0
46019,'1024296',1754,,508,9,,,0
46019,'1024297',1824,,509,9,,,0
46019,'1024300',1254,,510,9,,,0
46019,'1024301',854,,511,9,,,0
46019,'1024303',1524,,512,9,,,0
46019,'1024304',1054,,513,9,,,0
46019,'1024309',1354,,514,9,,,0
46019,'1024310',654,,515,9,,,0
46019,'1024312',1024,,516,9,,,0
