21019,'1026826',2137,2,235,23,,,0
21019,'1026827',1937,2,236,23,,,0
21019,'1026835',2207,2,237,23,,,0
21019,'1026837',1907,2,238,23,,,0
21019,'1026853',2037,2,239,23,,,0
21019,'1026855',2007,2,240,23,,,0
21019,'1026862',2237,2,241,23,,,0
21019,'1026866',2107,2,242,23,,,0
21019,'1031101',1837,2,245,23,,,0
21019,'1031108',1707,2,246,23,,,0
21019,'1031131',1737,2,247,23,,,0
21019,'1031147',1537,2,250,23,,,0
21019,'1031215',937,2,255,23,,,0
21019,'1031216',907,2,256,23,,,0
21019,'1031241',1237,2,259,23,,,0
21019,'1031256',1407,2,261,23,,,0
21019,'1031266',1907,2,263,23,,,0
21019,'1031268',1307,2,264,23,,,0
21019,'1031281',1037,2,266,23,,,0
21019,'1031285',1107,2,267,23,,,0
21019,'1031298',1807,2,268,23,,,0
21019,'1031314',1007,2,270,23,,,0
21019,'1031315',1607,2,271,23,,,0
21019,'1031328',1137,2,272,23,,,0
21019,'1031332',837,2,273,23,,,0
21019,'1031345',1337,2,275,23,,,0
21019,'1031349',1507,2,276,23,,,0
21019,'1031372',1207,2,278,23,,,0
21019,'1031425',1637,2,281,23,,,0
21019,'1031446',1437,2,283,23,,,0
