21019,'1021456',1107,2,211,29,,,0
21019,'1021471',1707,2,212,29,,,0
21019,'1021474',1837,2,213,29,,,0
21019,'1021550',1037,2,214,29,,,0
21019,'1021570',937,2,215,29,,,0
21019,'1021573',1507,2,216,29,,,0
21019,'1021593',1407,2,217,29,,,0
21019,'1021602',1137,2,218,29,,,0
21019,'1021624',1007,2,219,29,,,0
21019,'1021627',807,2,220,29,,,0
21019,'1021655',837,2,221,29,,,0
21019,'1021727',1607,2,222,29,,,0
21019,'1021738',1237,2,223,29,,,0
21019,'1021744',907,2,224,29,,,0
21019,'1021749',737,2,225,29,,,0
21019,'1021766',1637,2,226,29,,,0
21019,'1021767',1807,2,227,29,,,0
21019,'1021782',1337,2,228,29,,,0
21019,'1021819',1307,2,229,29,,,0
21019,'1021826',1537,2,230,29,,,0
21019,'1021829',1437,2,231,29,,,0
21019,'1021844',707,2,232,29,,,0
21019,'1021899',1207,2,233,29,,,0
21019,'1021900',1737,2,234,29,,,0
21019,'1026826',2138,,235,30,,,0
21019,'1026827',1938,,236,30,,,0
21019,'1026835',2208,,237,30,,,0
21019,'1026837',1908,,238,30,,,0
21019,'1026853',2037,,239,30,,,0
21019,'1026855',2008,,240,30,,,0
21019,'1026862',2238,,241,30,,,0
21019,'1026866',2108,,242,30,,,0
21019,'1031071',1837,2,243,29,,,0
21019,'1031083',1507,2,244,29,,,0
21019,'1031101',1838,,245,29,,,0
21019,'1031108',1708,,246,29,,,0
21019,'1031131',1738,,247,29,,,0
21019,'1031137',1907,2,248,29,,,0
21019,'1031145',907,2,249,29,,,0
21019,'1031147',1538,,250,29,,,0
21019,'1031161',1007,2,251,29,,,0
21019,'1031163',1937,2,252,29,,,0
21019,'1031195',1637,2,253,29,,,0
21019,'1031197',1307,2,254,29,,,0
21019,'1031215',938,,255,29,,,0
21019,'1031216',908,,256,29,,,0
21019,'1031218',1537,2,257,29,,,0
21019,'1031220',2007,2,258,29,,,0
21019,'1031241',1238,,259,29,,,0
21019,'1031247',1707,2,260,29,,,0
21019,'1031256',1408,,261,29,,,0
21019,'1031262',2037,2,262,29,,,0
21019,'1031266',1908,,263,29,,,0
21019,'1031268',1308,,264,29,,,0
21019,'1031279',1207,2,265,29,,,0
21019,'1031281',1038,,266,29,,,0
21019,'1031285',1108,,267,29,,,0
21019,'1031298',1808,,268,29,,,0
21019,'1031311',1737,2,269,29,,,0
21019,'1031314',1008,,270,29,,,0
21019,'1031315',1608,,271,29,,,0
21019,'1031328',1138,,272,29,,,0
21019,'1031332',838,,273,29,,,0
21019,'1031341',2107,2,274,29,,,0
21019,'1031345',1338,,275,29,,,0
21019,'1031349',1508,,276,29,,,0
21019,'1031358',1607,2,277,29,,,0
21019,'1031372',1208,,278,29,,,0
21019,'1031382',1437,2,279,29,,,0
21019,'1031418',1137,2,280,29,,,0
21019,'1031425',1638,,281,29,,,0
21019,'1031432',1337,2,282,29,,,0
21019,'1031446',1438,,283,29,,,0
21019,'1031447',1407,2,284,29,,,0
21019,'1031451',1037,2,285,29,,,0
21019,'1031456',937,2,286,29,,,0
21019,'1031460',837,2,287,29,,,0
21019,'1031465',1107,2,288,29,,,0
21019,'1031508',1807,2,289,29,,,0
21019,'1031525',1237,2,290,29,,,0
