61019,'1023602',2210,,671,15,,,0
61019,'1023604',1039,,672,8,,,0
61019,'1023607',1139,,673,8,,,0
61019,'1023608',1509,,674,8,,,0
61019,'1023609',1539,,675,8,,,0
61019,'1023612',740,,676,8,,,0
61019,'1023613',1339,,677,8,,,0
61019,'1023615',2040,,678,15,,,0
61019,'1023616',1609,,679,8,,,0
61019,'1023617',709,,680,8,,,0
61019,'1023618',1808,,681,8,,,0
61019,'1023622',2140,,682,15,,,0
61019,'1023625',1309,,683,8,,,0
61019,'1023627',1840,,684,15,,,0
61019,'1023628',1910,,685,15,,,0
61019,'1023629',939,,686,8,,,0
61019,'1023630',1439,,687,8,,,0
61019,'1023631',639,,688,8,,,0
61019,'1023633',1409,,689,8,,,0
61019,'1023634',1639,,690,8,,,0
61019,'1023637',840,,691,8,,,0
61019,'1023640',2010,,692,15,,,0
61019,'1023642',910,,693,8,,,0
61019,'1023643',1709,,694,8,,,0
61019,'1023646',1739,,695,8,,,0
61019,'1023647',1239,,696,8,,,0
61019,'1023649',1940,,697,15,,,0
61019,'1023650',1109,,698,8,,,0
61019,'1023651',1009,,699,8,,,0
61019,'1023653',809,,700,8,,,0
61019,'1023654',2110,,701,15,,,0
61019,'1023655',1209,,702,8,,,0
61019,'1031073',1140,,703,8,,,0
61019,'1031088',1010,,704,8,,,0
61019,'1031106',1540,,705,8,,,0
61019,'1031112',1540,,706,8,,,0
61019,'1031128',940,,707,8,,,0
61019,'1031140',1010,,708,8,,,0
61019,'1031141',1140,,709,8,,,0
61019,'1031143',1340,,710,8,,,0
61019,'1031150',1810,,711,8,,,0
61019,'1031153',1940,,712,8,,,0
61019,'1031155',1340,,713,8,,,0
61019,'1031162',1610,,714,8,,,0
61019,'1031165',1840,,715,8,,,0
61019,'1031173',1310,,716,8,,,0
61019,'1031179',1110,,717,8,,,0
61019,'1031199',1240,,718,8,,,0
61019,'1031206',1310,,719,8,,,0
61019,'1031222',1740,,720,8,,,0
61019,'1031225',910,,721,8,,,0
61019,'1031226',2010,,722,8,,,0
61019,'1031228',1840,,723,8,,,0
61019,'1031252',840,,724,8,,,0
61019,'1031258',840,,725,8,,,0
61019,'1031260',810,,726,8,,,0
61019,'1031277',1710,,727,8,,,0
61019,'1031293',1510,,728,8,,,0
61019,'1031304',1410,,729,8,,,0
61019,'1031313',1110,,730,8,,,0
61019,'1031330',1440,,731,8,,,0
61019,'1031331',2040,,732,8,,,0
61019,'1031335',810,,733,8,,,0
61019,'1031357',1410,,734,8,,,0
61019,'1031359',1810,,735,8,,,0
61019,'1031360',1910,,736,8,,,0
61019,'1031362',1040,,737,8,,,0
61019,'1031375',1510,,738,8,,,0
61019,'1031384',1640,,739,8,,,0
61019,'1031388',1210,,740,8,,,0
61019,'1031391',1910,,741,8,,,0
61019,'1031407',1740,,742,8,,,0
61019,'1031411',1210,,743,8,,,0
61019,'1031414',910,,744,8,,,0
61019,'1031435',1610,,745,8,,,0
61019,'1031457',1640,,746,8,,,0
61019,'1031462',1240,,747,8,,,0
61019,'1031483',940,,748,8,,,0
61019,'1031501',1440,,749,8,,,0
61019,'1031516',1040,,750,8,,,0
61019,'1031526',1710,,751,8,,,0
