21019,'1021456',1047,,211,5,,,0
21019,'1021471',1647,,212,5,,,0
21019,'1021474',1817,,213,5,,,0
21019,'1021550',1017,,214,5,,,0
21019,'1021570',917,,215,5,,,0
21019,'1021573',1447,,216,5,,,0
21019,'1021593',1347,,217,5,,,0
21019,'1021602',1117,,218,5,,,0
21019,'1021624',947,,219,5,,,0
21019,'1021627',747,,220,5,,,0
21019,'1021655',817,,221,5,,,0
21019,'1021727',1547,,222,5,,,0
21019,'1021738',1217,,223,5,,,0
21019,'1021744',847,,224,5,,,0
21019,'1021749',717,,225,5,,,0
21019,'1021766',1617,,226,5,,,0
21019,'1021767',1747,,227,5,,,0
21019,'1021782',1317,,228,5,,,0
21019,'1021819',1247,,229,5,,,0
21019,'1021826',1517,,230,5,,,0
21019,'1021829',1417,,231,5,,,0
21019,'1021844',647,,232,5,,,0
21019,'1021899',1147,,233,5,,,0
21019,'1021900',1717,,234,5,,,0
21019,'1026826',2117,,235,5,,,0
21019,'1026827',1917,,236,5,,,0
21019,'1026835',2147,,237,5,,,0
21019,'1026837',1847,,238,5,,,0
21019,'1026853',2017,,239,5,,,0
21019,'1026855',1947,,240,5,,,0
21019,'1026862',2217,,241,5,,,0
21019,'1026866',2047,,242,5,,,0
21019,'1031071',1817,,243,5,,,0
21019,'1031083',1447,,244,5,,,0
21019,'1031101',1817,,245,5,,,0
21019,'1031108',1647,,246,5,,,0
21019,'1031131',1717,,247,5,,,0
21019,'1031137',1847,,248,5,,,0
21019,'1031145',847,,249,5,,,0
21019,'1031147',1517,,250,5,,,0
21019,'1031161',947,,251,5,,,0
21019,'1031163',1917,,252,5,,,0
21019,'1031195',1617,,253,5,,,0
21019,'1031197',1247,,254,5,,,0
21019,'1031215',917,,255,5,,,0
21019,'1031216',847,,256,5,,,0
21019,'1031218',1517,,257,5,,,0
21019,'1031220',1947,,258,5,,,0
21019,'1031241',1217,,259,5,,,0
21019,'1031247',1647,,260,5,,,0
21019,'1031256',1347,,261,5,,,0
21019,'1031262',2017,,262,5,,,0
21019,'1031266',1847,,263,5,,,0
21019,'1031268',1247,,264,5,,,0
21019,'1031279',1147,,265,5,,,0
21019,'1031281',1017,,266,5,,,0
21019,'1031285',1047,,267,5,,,0
21019,'1031298',1747,,268,5,,,0
21019,'1031311',1717,,269,5,,,0
21019,'1031314',947,,270,5,,,0
21019,'1031315',1547,,271,5,,,0
21019,'1031328',1117,,272,5,,,0
21019,'1031332',817,,273,5,,,0
21019,'1031341',2047,,274,5,,,0
21019,'1031345',1317,,275,5,,,0
21019,'1031349',1447,,276,5,,,0
21019,'1031358',1547,,277,5,,,0
21019,'1031372',1147,,278,5,,,0
21019,'1031382',1417,,279,5,,,0
21019,'1031418',1117,,280,5,,,0
21019,'1031425',1617,,281,5,,,0
21019,'1031432',1317,,282,5,,,0
21019,'1031446',1417,,283,5,,,0
21019,'1031447',1347,,284,5,,,0
21019,'1031451',1017,,285,5,,,0
21019,'1031456',917,,286,5,,,0
21019,'1031460',817,,287,5,,,0
21019,'1031465',1047,,288,5,,,0
21019,'1031508',1747,,289,5,,,0
21019,'1031525',1217,,290,5,,,0
