10019,'1034055',1645,,1,1,,,0,66,,1,23,4,,0
10019,'1034056',1845,,2,1,,,0,66,,2,23,4,,0
10019,'1034058',1745,,3,1,,,0,66,,3,23,4,,0
10019,'1034059',715,,4,1,,,0,26,,4,23,4,,0
10019,'1034062',1515,,5,1,,,0,26,,5,23,4,,0
10019,'1034063',1345,,6,1,,,0,66,,6,23,4,,0
10019,'1034066',1215,,7,1,,,0,26,,7,23,4,,0
10019,'1034067',2045,,8,1,,,0,66,,8,23,4,,0
10019,'1034068',1945,,9,1,,,0,66,,9,23,4,,0
10019,'1034071',1245,,10,1,,,0,66,,10,23,4,,0
10019,'1034073',1815,,11,1,,,0,26,,11,23,4,,0
10019,'1034075',2145,,12,1,,,0,66,,12,23,4,,0
10019,'1034076',915,,13,1,,,0,26,,13,23,4,,0
10019,'1034078',1545,,14,1,,,0,66,,14,23,4,,0
10019,'1034080',945,,15,1,,,0,66,,15,23,4,,0
10019,'1034081',2115,,16,1,,,0,26,,16,23,4,,0
10019,'1034084',1845,,17,1,,,0,66,,17,23,4,,0
10019,'1034086',1845,,18,1,,,0,66,,18,23,4,,0
10019,'1034088',1745,,19,1,,,0,66,,19,23,4,,0
10019,'1034089',1015,,20,1,,,0,26,,20,23,4,,0
10019,'1034090',1515,,21,1,,,0,26,,21,23,4,,0
10019,'1034093',2015,,22,1,,,0,26,,22,23,4,,0
10019,'1034096',1745,,23,1,,,0,66,,23,23,4,,0
10019,'1034097',945,,24,1,,,0,66,,24,23,4,,0
10019,'1034098',1715,,25,1,,,0,26,,25,23,4,,0
10019,'1034099',845,,26,1,,,0,66,,26,23,4,,0
10019,'1034101',1415,,27,1,,,0,26,,27,23,4,,0
10019,'1034103',1245,,28,1,,,0,66,,28,23,4,,0
10019,'1034109',2215,,29,1,,,0,26,,29,23,4,,0
10019,'1034110',1015,,30,1,,,0,26,,30,23,4,,0
10019,'1034111',1715,,31,1,,,0,26,,31,23,4,,0
10019,'1034112',1815,,32,1,,,0,26,,32,23,4,,0
10019,'1034114',1445,,33,1,,,0,66,,33,23,4,,0
10019,'1034117',1145,,34,1,,,0,66,,34,23,4,,0
10019,'1034118',1415,,35,1,,,0,26,,35,23,4,,0
10019,'1034119',1515,,36,1,,,0,26,,36,23,4,,0
10019,'1034125',1115,,37,1,,,0,26,,37,23,4,,0
10019,'1034129',845,,38,1,,,0,66,,38,23,4,,0
10019,'1034130',1015,,39,1,,,0,26,,39,23,4,,0
10019,'1034131',1315,,40,1,,,0,26,,40,23,4,,0
10019,'1034132',1415,,41,1,,,0,26,,41,23,4,,0
10019,'1034133',1145,,42,1,,,0,66,,42,23,4,,0
10019,'1034134',1645,,43,1,,,0,66,,43,23,4,,0
10019,'1034137',1615,,44,1,,,0,26,,44,23,4,,0
10019,'1034138',1045,,45,1,,,0,66,,45,23,4,,0
10019,'1034141',1215,,46,1,,,0,26,,46,23,4,,0
10019,'1034142',1215,,47,1,,,0,26,,47,23,4,,0
10019,'1034143',915,,48,1,,,0,26,,48,23,4,,0
10019,'1034146',1345,,49,1,,,0,66,,49,23,4,,0
10019,'1034147',1445,,50,1,,,0,66,,50,23,4,,0
10019,'1034148',1115,,51,1,,,0,26,,51,23,4,,0
10019,'1034152',1945,,52,1,,,0,66,,52,23,4,,0
10019,'1034153',1915,,53,1,,,0,26,,53,23,4,,0
10019,'1034156',815,,54,1,,,0,26,,54,23,4,,0
10019,'1034159',1615,,55,1,,,0,26,,55,23,4,,0
10019,'1034160',815,,56,1,,,0,26,,56,23,4,,0
10019,'1034163',1545,,57,1,,,0,66,,57,23,4,,0
10019,'1034164',1715,,58,1,,,0,26,,58,23,4,,0
10019,'1034166',1815,,59,1,,,0,26,,59,23,4,,0
10019,'1034167',1615,,60,1,,,0,26,,60,23,4,,0
10019,'1034170',1315,,61,1,,,0,26,,61,23,4,,0
10019,'1034171',745,,62,1,,,0,66,,62,23,4,,0
10019,'1034172',1645,,63,1,,,0,66,,63,23,4,,0
10019,'1034173',915,,64,1,,,0,26,,64,23,4,,0
10019,'1034174',1545,,65,1,,,0,66,,65,23,4,,0
10019,'1034175',1315,,66,1,,,0,26,,66,23,4,,0
10019,'1034176',815,,67,1,,,0,26,,67,23,4,,0
10019,'1034177',1145,,68,1,,,0,66,,68,23,4,,0
10019,'1034180',2045,,69,1,,,0,66,,69,23,4,,0
10019,'1034181',1245,,70,1,,,0,66,,70,23,4,,0
10019,'1034184',945,,71,1,,,0,66,,71,23,4,,0
10019,'1034186',2015,,72,1,,,0,26,,72,23,4,,0
10019,'1034188',1115,,73,1,,,0,26,,73,23,4,,0
10019,'1034189',1345,,74,1,,,0,66,,74,23,4,,0
10019,'1034191',1445,,75,1,,,0,66,,75,23,4,,0
10019,'1034197',1045,,76,1,,,0,66,,76,23,4,,0
10019,'1034201',1045,,77,1,,,0,66,,77,23,4,,0
10019,'1034203',645,,78,1,,,0,68,,78,23,4,,0
10019,'1034206',845,,79,1,,,0,66,,79,23,4,,0
10019,'1034207',1915,,80,1,,,0,26,,80,23,4,,0
11019,'1032754',1415,,81,1,,,0,26,,81,23,4,,0
11019,'1032757',845,,82,1,,,0,67,,82,23,4,,0
11019,'1032758',1315,,83,1,,,0,27,,83,23,4,,0
11019,'1032760',2215,,84,1,,,0,27,,84,23,4,,0
11019,'1032761',2045,,85,1,,,0,67,,85,23,4,,0
11019,'1032765',1745,,86,1,,,0,67,,86,23,4,,0
11019,'1032766',1515,,87,1,,,0,26,,87,23,4,,0
11019,'1032768',1515,,88,1,,,0,27,,88,23,4,,0
11019,'1032771',2015,,89,1,,,0,27,,89,23,4,,0
11019,'1032772',1345,,90,1,,,0,67,,90,23,4,,0
11019,'1032774',845,,91,1,,,0,66,,91,23,4,,0
11019,'1032775',945,,92,1,,,0,67,,92,23,4,,0
11019,'1032776',1815,,93,1,,,0,26,,93,23,4,,0
11019,'1032777',1115,,94,1,,,0,27,,94,23,4,,0
11019,'1032779',1715,,95,1,,,0,27,,95,23,4,,0
11019,'1032780',1445,,96,1,,,0,67,,96,23,4,,0
11019,'1032781',1615,,97,1,,,0,27,,97,23,4,,0
11019,'1032784',1215,,98,1,,,0,27,,98,23,4,,0
11019,'1032785',1815,,99,1,,,0,27,,99,23,4,,0
11019,'1032787',1545,,100,1,,,0,67,,100,23,4,,0
11019,'1032795',1345,,101,1,,,0,66,,101,23,4,,0
11019,'1032796',1145,,102,1,,,0,67,,102,23,4,,0
11019,'1032798',1445,,103,1,,,0,66,,103,23,4,,0
11019,'1032801',1315,,104,1,,,0,26,,104,23,4,,0
11019,'1032803',1015,,105,1,,,0,26,,105,23,4,,0
11019,'1032804',1245,,106,1,,,0,67,,106,23,4,,0
11019,'1032807',1745,,107,1,,,0,67,,107,23,4,,0
11019,'1032809',1945,,108,1,,,0,67,,108,23,4,,0
11019,'1032810',1415,,109,1,,,0,27,,109,23,4,,0
11019,'1032814',1545,,110,1,,,0,67,,110,23,4,,0
11019,'1032816',1945,,111,1,,,0,67,,111,23,4,,0
11019,'1032817',1915,,112,1,,,0,27,,112,23,4,,0
11019,'1032820',845,,113,1,,,0,67,,113,23,4,,0
11019,'1032821',1215,,114,1,,,0,27,,114,23,4,,0
11019,'1032822',915,,115,1,,,0,26,,115,23,4,,0
11019,'1032823',945,,116,1,,,0,66,,116,23,4,,0
11019,'1032824',1015,,117,1,,,0,27,,117,23,4,,0
11019,'1032826',1645,,118,1,,,0,67,,118,23,4,,0
11019,'1032827',1045,,119,1,,,0,66,,119,23,4,,0
11019,'1032828',745,,120,1,,,0,67,,120,23,4,,0
11019,'1032831',1315,,121,1,,,0,27,,121,23,4,,0
11019,'1032834',1015,,122,1,,,0,27,,122,23,4,,0
11019,'1032838',2045,,123,1,,,0,67,,123,23,4,,0
11019,'1032839',1745,,124,1,,,0,66,,124,23,4,,0
11019,'1032841',1915,,125,1,,,0,27,,125,23,4,,0
11019,'1032846',715,,126,1,,,0,27,,126,23,4,,0
11019,'1032848',1845,,127,1,,,0,67,,127,23,4,,0
11019,'1032850',1545,,128,1,,,0,66,,128,23,4,,0
11019,'1032857',1815,,129,1,,,0,27,,129,23,4,,0
11019,'1032858',2015,,130,1,,,0,27,,130,23,4,,0
11019,'1032860',1045,,131,1,,,0,67,,131,23,4,,0
11019,'1032862',1845,,132,1,,,0,67,,132,23,4,,0
11019,'1032865',815,,133,1,,,0,27,,133,23,4,,0
11019,'1032866',915,,134,1,,,0,27,,134,23,4,,0
11019,'1032867',1615,,135,1,,,0,27,,135,23,4,,0
11019,'1032871',1645,,136,1,,,0,67,,136,23,4,,0
11019,'1032872',1415,,137,1,,,0,27,,137,23,4,,0
11019,'1032875',1115,,138,1,,,0,26,,138,23,4,,0
11019,'1032876',1115,,139,1,,,0,27,,139,23,4,,0
11019,'1032881',1845,,140,1,,,0,66,,140,23,4,,0
11019,'1032882',915,,141,1,,,0,27,,141,23,4,,0
11019,'1032883',2115,,142,1,,,0,27,,142,23,4,,0
11019,'1032885',1715,,143,1,,,0,26,,143,23,4,,0
11019,'1032887',1715,,144,1,,,0,27,,144,23,4,,0
11019,'1032890',1615,,145,1,,,0,26,,145,23,4,,0
11019,'1032892',945,,146,1,,,0,67,,146,23,4,,0
11019,'1032894',1245,,147,1,,,0,66,,147,23,4,,0
11019,'1032896',1045,,148,1,,,0,67,,148,23,4,,0
11019,'1032901',1145,,149,1,,,0,66,,149,23,4,,0
11019,'1032904',2145,,150,1,,,0,67,,150,23,4,,0
11019,'1032906',1245,,151,1,,,0,67,,151,23,4,,0
11019,'1032908',815,,152,1,,,0,26,,152,23,4,,0
11019,'1032909',815,,153,1,,,0,27,,153,23,4,,0
11019,'1032911',1345,,154,1,,,0,67,,154,23,4,,0
11019,'1032913',645,,155,1,,,0,67,,155,23,4,,0
11019,'1032917',1215,,156,1,,,0,26,,156,23,4,,0
11019,'1032919',1515,,157,1,,,0,27,,157,23,4,,0
11019,'1032926',1445,,158,1,,,0,67,,158,23,4,,0
11019,'1032928',1145,,159,1,,,0,67,,159,23,4,,0
11019,'1032930',1645,,160,1,,,0,66,,160,23,4,,0
20019,'1026880',1245,,161,1,,,0,67,,161,25,4,,0
20019,'1026881',1515,,162,1,,,0,27,,162,25,4,,0
20019,'1026885',1745,,163,1,,,0,66,,163,25,4,,0
20019,'1026887',1045,,164,1,,,0,66,,164,25,4,,0
20019,'1026888',1445,,165,1,,,0,67,,165,25,4,,0
20019,'1026889',845,,166,1,,,0,67,,166,25,4,,0
20019,'1026891',1615,,167,1,,,0,26,,167,25,4,,0
20019,'1026892',715,,168,1,,,0,26,,168,25,4,,0
20019,'1026899',1145,,169,1,,,0,66,,169,25,4,,0
20019,'1026900',1545,,170,1,,,0,67,,170,25,4,,0
20019,'1026901',1815,,171,1,,,0,26,,171,25,4,,0
20019,'1026903',915,,172,1,,,0,28,,172,25,4,,0
20019,'1026905',1115,,173,1,,,0,26,,173,25,4,,0
20019,'1026906',1215,,174,1,,,0,26,,174,25,4,,0
20019,'1026907',945,,175,1,,,0,67,,175,25,4,,0
20019,'1026909',1715,,176,1,,,0,26,,176,25,4,,0
20019,'1026911',645,,177,1,,,0,68,,177,25,4,,0
20019,'1026912',1645,,178,1,,,0,67,,178,25,4,,0
20019,'1026914',1345,,179,1,,,0,67,,179,25,4,,0
20019,'1026915',745,,180,1,,,0,68,,180,25,4,,0
20019,'1026918',815,,181,1,,,0,26,,181,25,4,,0
20019,'1026919',1415,,182,1,,,0,27,,182,25,4,,0
20019,'1026921',1315,,183,1,,,0,27,,183,25,4,,0
20019,'1026922',1015,,184,1,,,0,26,,184,25,4,,0
20019,'1031076',1145,,185,1,,,0,66,,185,25,4,,0
20019,'1031114',845,,186,1,,,0,66,,186,25,4,,0
20019,'1031117',1645,,187,1,,,0,66,,187,25,4,,0
20019,'1031123',1445,,188,1,,,0,66,,188,25,4,,0
20019,'1031134',1615,,189,1,,,0,26,,189,25,4,,0
20019,'1031180',1415,,190,1,,,0,26,,190,25,4,,0
20019,'1031230',945,,191,1,,,0,66,,191,25,4,,0
20019,'1031240',1745,,192,1,,,0,66,,192,25,4,,0
20019,'1031246',1245,,193,1,,,0,66,,193,25,4,,0
20019,'1031248',1945,,194,1,,,0,66,,194,25,4,,0
20019,'1031270',1215,,195,1,,,0,26,,195,25,4,,0
20019,'1031271',1715,,196,1,,,0,26,,196,25,4,,0
20019,'1031273',1345,,197,1,,,0,66,,197,25,4,,0
20019,'1031309',1115,,198,1,,,0,26,,198,25,4,,0
20019,'1031316',2015,,199,1,,,0,26,,199,25,4,,0
20019,'1031367',915,,200,1,,,0,26,,200,25,4,,0
20019,'1031377',1815,,201,1,,,0,26,,201,25,4,,0
20019,'1031397',1915,,202,1,,,0,26,,202,25,4,,0
20019,'1031410',2045,,203,1,,,0,66,,203,25,4,,0
20019,'1031412',1515,,204,1,,,0,26,,204,25,4,,0
20019,'1031441',1845,,205,1,,,0,66,,205,25,4,,0
20019,'1031442',1315,,206,1,,,0,26,,206,25,4,,0
20019,'1031468',815,,207,1,,,0,26,,207,25,4,,0
20019,'1031488',1545,,208,1,,,0,66,,208,25,4,,0
20019,'1031519',1015,,209,1,,,0,26,,209,25,4,,0
20019,'1031541',1045,,210,1,,,0,66,,210,25,4,,0
21019,'1021456',1045,,211,1,,,0,66,,211,32,4,,0
21019,'1021471',1645,,212,1,,,0,66,,212,32,4,,0
21019,'1021474',1815,,213,1,,,0,26,,213,32,4,,0
21019,'1021550',1015,,214,1,,,0,26,,214,32,4,,0
21019,'1021570',915,,215,1,,,0,26,,215,32,4,,0
21019,'1021573',1445,,216,1,,,0,66,,216,32,4,,0
21019,'1021593',1345,,217,1,,,0,66,,217,32,4,,0
21019,'1021602',1115,,218,1,,,0,26,,218,32,4,,0
21019,'1021624',945,,219,1,,,0,66,,219,32,4,,0
21019,'1021627',745,,220,1,,,0,66,,220,32,4,,0
21019,'1021655',815,,221,1,,,0,26,,221,32,4,,0
21019,'1021727',1545,,222,1,,,0,66,,222,32,4,,0
21019,'1021738',1215,,223,1,,,0,26,,223,32,4,,0
21019,'1021744',845,,224,1,,,0,66,,224,32,4,,0
21019,'1021749',715,,225,1,,,0,26,,225,32,4,,0
21019,'1021766',1615,,226,1,,,0,26,,226,32,4,,0
21019,'1021767',1745,,227,1,,,0,66,,227,32,4,,0
21019,'1021782',1315,,228,1,,,0,26,,228,32,4,,0
21019,'1021819',1245,,229,1,,,0,67,,229,32,4,,0
21019,'1021826',1515,,230,1,,,0,26,,230,32,4,,0
21019,'1021829',1415,,231,1,,,0,26,,231,32,4,,0
21019,'1021844',645,,232,1,,,0,66,,232,32,4,,0
21019,'1021899',1145,,233,1,,,0,66,,233,32,4,,0
21019,'1021900',1715,,234,1,,,0,26,,234,32,4,,0
21019,'1026826',2115,,235,1,,,0,26,,235,33,4,,0
21019,'1026827',1915,,236,1,,,0,26,,236,33,4,,0
21019,'1026835',2145,,237,1,,,0,66,,237,33,4,,0
21019,'1026837',1845,,238,1,,,0,66,,238,33,4,,0
21019,'1026853',2015,,239,1,,,0,26,,239,33,4,,0
21019,'1026855',1945,,240,1,,,0,66,,240,33,4,,0
21019,'1026862',2215,,241,1,,,0,26,,241,33,4,,0
21019,'1026866',2045,,242,1,,,0,66,,242,33,4,,0
21019,'1031071',1815,,243,1,,,0,26,,243,32,4,,0
21019,'1031083',1445,,244,1,,,0,66,,244,32,4,,0
21019,'1031101',1815,,245,1,,,0,26,,245,32,4,,0
21019,'1031108',1645,,246,1,,,0,66,,246,32,4,,0
21019,'1031131',1715,,247,1,,,0,26,,247,32,4,,0
21019,'1031137',1845,,248,1,,,0,67,,248,32,4,,0
21019,'1031145',845,,249,1,,,0,66,,249,32,4,,0
21019,'1031147',1515,,250,1,,,0,26,,250,32,4,,0
21019,'1031161',945,,251,1,,,0,66,,251,32,4,,0
21019,'1031163',1915,,252,1,,,0,26,,252,32,4,,0
21019,'1031195',1615,,253,1,,,0,26,,253,32,4,,0
21019,'1031197',1245,,254,1,,,0,66,,254,32,4,,0
21019,'1031215',915,,255,1,,,0,26,,255,32,4,,0
21019,'1031216',845,,256,1,,,0,66,,256,32,4,,0
21019,'1031218',1515,,257,1,,,0,26,,257,32,4,,0
21019,'1031220',1945,,258,1,,,0,66,,258,32,4,,0
21019,'1031241',1215,,259,1,,,0,26,,259,32,4,,0
21019,'1031247',1645,,260,1,,,0,66,,260,32,4,,0
21019,'1031256',1345,,261,1,,,0,66,,261,32,4,,0
21019,'1031262',2015,,262,1,,,0,26,,262,32,4,,0
21019,'1031266',1845,,263,1,,,0,67,,263,32,4,,0
21019,'1031268',1245,,264,1,,,0,66,,264,32,4,,0
21019,'1031279',1145,,265,1,,,0,66,,265,32,4,,0
21019,'1031281',1015,,266,1,,,0,26,,266,32,4,,0
21019,'1031285',1045,,267,1,,,0,66,,267,32,4,,0
21019,'1031298',1745,,268,1,,,0,66,,268,32,4,,0
21019,'1031311',1715,,269,1,,,0,26,,269,32,4,,0
21019,'1031314',945,,270,1,,,0,66,,270,32,4,,0
21019,'1031315',1545,,271,1,,,0,66,,271,32,4,,0
21019,'1031328',1115,,272,1,,,0,26,,272,32,4,,0
21019,'1031332',815,,273,1,,,0,26,,273,32,4,,0
21019,'1031341',2045,,274,1,,,0,66,,274,32,4,,0
21019,'1031345',1315,,275,1,,,0,26,,275,32,4,,0
21019,'1031349',1445,,276,1,,,0,66,,276,32,4,,0
21019,'1031358',1545,,277,1,,,0,66,,277,32,4,,0
21019,'1031372',1145,,278,1,,,0,66,,278,32,4,,0
21019,'1031382',1415,,279,1,,,0,26,,279,32,4,,0
21019,'1031418',1115,,280,1,,,0,26,,280,32,4,,0
21019,'1031425',1615,,281,1,,,0,26,,281,32,4,,0
21019,'1031432',1315,,282,1,,,0,26,,282,32,4,,0
21019,'1031446',1415,,283,1,,,0,26,,283,32,4,,0
21019,'1031447',1345,,284,1,,,0,66,,284,32,4,,0
21019,'1031451',1015,,285,1,,,0,26,,285,32,4,,0
21019,'1031456',915,,286,1,,,0,26,,286,32,4,,0
21019,'1031460',815,,287,1,,,0,26,,287,32,4,,0
21019,'1031465',1045,,288,1,,,0,66,,288,32,4,,0
21019,'1031508',1745,,289,1,,,0,66,,289,32,4,,0
21019,'1031525',1215,,290,1,,,0,26,,290,32,4,,0
22019,'1022997',715,,291,1,,,0,26,,291,21,4,,0
22019,'1023022',745,,292,1,,,0,66,,292,21,4,,0
22019,'1023024',815,,293,1,,,0,26,,293,21,4,,0
22019,'1023029',645,,294,1,,,0,66,,294,21,4,,0
22019,'1031072',1645,,295,1,,,0,66,,295,20,4,,0
22019,'1031092',1745,,296,1,,,0,66,,296,20,4,,0
22019,'1031115',845,,297,1,,,0,66,,297,20,4,,0
22019,'1031118',1545,,298,1,,,0,66,,298,20,4,,0
22019,'1031144',1615,,299,1,,,0,26,,299,20,4,,0
22019,'1031148',1815,,300,1,,,0,26,,300,20,4,,0
22019,'1031154',1915,,301,1,,,0,26,,301,20,4,,0
22019,'1031183',1045,,302,1,,,0,66,,302,20,4,,0
22019,'1031207',1345,,303,1,,,0,66,,303,20,4,,0
22019,'1031214',915,,304,1,,,0,26,,304,20,4,,0
22019,'1031231',2015,,305,1,,,0,26,,305,20,4,,0
22019,'1031242',1845,,306,1,,,0,66,,306,20,4,,0
22019,'1031254',1115,,307,1,,,0,26,,307,20,4,,0
22019,'1031263',945,,308,1,,,0,66,,308,20,4,,0
22019,'1031347',815,,309,1,,,0,26,,309,20,4,,0
22019,'1031350',1715,,310,1,,,0,26,,310,20,4,,0
22019,'1031371',1415,,311,1,,,0,26,,311,20,4,,0
22019,'1031380',1315,,312,1,,,0,26,,312,20,4,,0
22019,'1031420',1215,,313,1,,,0,26,,313,20,4,,0
22019,'1031434',1245,,314,1,,,0,66,,314,20,4,,0
22019,'1031438',1945,,315,1,,,0,66,,315,20,4,,0
22019,'1031492',1015,,316,1,,,0,26,,316,20,4,,0
22019,'1031495',2045,,317,1,,,0,66,,317,20,4,,0
22019,'1031502',1145,,318,1,,,0,66,,318,20,4,,0
22019,'1031527',1515,,319,1,,,0,26,,319,20,4,,0
22019,'1031542',1445,,320,1,,,0,66,,320,20,4,,0
22019,'1032755',1545,,321,1,,,0,66,,321,21,4,,0
22019,'1032756',1815,,322,1,,,0,26,,322,21,4,,0
22019,'1032773',1645,,323,1,,,0,66,,323,21,4,,0
22019,'1032797',1245,,324,1,,,0,66,,324,21,4,,0
22019,'1032815',1045,,325,1,,,0,66,,325,21,4,,0
22019,'1032835',1445,,326,1,,,0,66,,326,21,4,,0
22019,'1032845',915,,327,1,,,0,26,,327,21,4,,0
22019,'1032853',1215,,328,1,,,0,26,,328,21,4,,0
22019,'1032859',1115,,329,1,,,0,26,,329,21,4,,0
22019,'1032863',1745,,330,1,,,0,66,,330,21,4,,0
22019,'1032864',1615,,331,1,,,0,26,,331,21,4,,0
22019,'1032879',1015,,332,1,,,0,26,,332,21,4,,0
22019,'1032880',1315,,333,1,,,0,26,,333,21,4,,0
22019,'1032886',1145,,334,1,,,0,66,,334,21,4,,0
22019,'1032888',1345,,335,1,,,0,66,,335,21,4,,0
22019,'1032891',1715,,336,1,,,0,26,,336,21,4,,0
22019,'1032902',845,,337,1,,,0,66,,337,21,4,,0
22019,'1032903',945,,338,1,,,0,66,,338,21,4,,0
22019,'1032927',1415,,339,1,,,0,26,,339,21,4,,0
22019,'1032931',1515,,340,1,,,0,26,,340,21,4,,0
30019,'1022006',1845,,341,1,,,0,66,,341,30,4,,0
30019,'1022019',1945,,342,1,,,0,66,,342,30,4,,0
30019,'1022024',1915,,343,1,,,0,26,,343,30,4,,0
30019,'1022033',2045,,344,1,,,0,66,,344,30,4,,0
30019,'1022037',2145,,345,1,,,0,66,,345,30,4,,0
30019,'1022062',2215,,346,1,,,0,26,,346,30,4,,0
30019,'1022075',2015,,347,1,,,0,26,,347,30,4,,0
30019,'1022083',2115,,348,1,,,0,26,,348,30,4,,0
30019,'1031077',945,,349,1,,,0
30019,'1031079',1111,,350,16,4,,0
30019,'1031081',841,,351,16,4,,0
30019,'1031082',1415,,352,1,,,0
30019,'1031084',2015,,353,1,,,0
30019,'1031086',1011,,354,16,4,,0
30019,'1031094',1341,,355,16,4,,0
30019,'1031097',1345,,356,1,,,0
30019,'1031098',1045,,357,1,,,0
30019,'1031109',915,,358,1,,,0
30019,'1031133',1811,,359,16,4,,0
30019,'1031136',1315,,360,1,,,0
30019,'1031151',1215,,361,1,,,0
30019,'1031178',1945,,362,1,,,0
30019,'1031191',2045,,363,1,,,0
30019,'1031208',1911,,364,16,4,,0
30019,'1031234',1845,,365,1,,,0
30019,'1031244',1741,,366,16,4,,0
30019,'1031251',1115,,367,1,,,0
30019,'1031253',845,,368,1,,,0
30019,'1031265',1445,,369,1,,,0
30019,'1031280',2041,,370,16,4,,0
30019,'1031287',1711,,371,16,4,,0
30019,'1031290',1715,,372,1,,,0
30019,'1031295',1211,,373,16,4,,0
30019,'1031297',1815,,374,1,,,0
30019,'1031299',1541,,375,16,4,,0
30019,'1031305',1941,,376,16,4,,0
30019,'1031307',1515,,377,1,,,0
30019,'1031308',2011,,378,16,4,,0
30019,'1031322',1841,,379,16,4,,0
30019,'1031326',1615,,380,1,,,0
30019,'1031338',1545,,381,1,,,0
30019,'1031351',1041,,382,16,4,,0
30019,'1031352',1015,,383,1,,,0
30019,'1031361',815,,384,1,,,0
30019,'1031405',1511,,385,16,4,,0
30019,'1031450',1645,,386,1,,,0
30019,'1031453',1441,,387,16,4,,0
30019,'1031454',941,,388,16,4,,0
30019,'1031463',1411,,389,16,4,,0
30019,'1031464',911,,390,16,4,,0
30019,'1031479',1745,,391,1,,,0
30019,'1031484',2111,,392,16,4,,0
30019,'1031490',1641,,393,16,4,,0
30019,'1031507',1145,,394,1,,,0
30019,'1031512',1245,,395,1,,,0
30019,'1031521',1241,,396,16,4,,0
30019,'1031523',1141,,397,16,4,,0
30019,'1031524',1915,,398,1,,,0
30019,'1031531',1611,,399,16,4,,0
30019,'1031535',1311,,400,16,4,,0
30019,'1031758',1115,,401,1,,,0
30019,'1031759',1245,,402,1,,,0
30019,'1031760',1341,,403,16,4,,0
30019,'1031761',1011,,404,16,4,,0
30019,'1031762',845,,405,1,,,0
30019,'1031763',1645,,406,1,,,0
30019,'1031764',1741,,407,16,4,,0
30019,'1031765',945,,408,1,,,0
30019,'1031766',941,,409,16,4,,0
30019,'1031767',1641,,410,16,4,,0
30019,'1031768',1815,,411,1,,,0
30019,'1031769',1811,,412,16,4,,0
30019,'1031770',1541,,413,16,4,,0
30019,'1031771',915,,414,1,,,0
30019,'1031772',1711,,415,16,4,,0
30019,'1031773',1345,,416,1,,,0
30019,'1031774',911,,417,16,4,,0
30019,'1031775',1545,,418,1,,,0
30019,'1031776',1845,,419,1,,,0
30019,'1031777',1615,,420,1,,,0
30019,'1031778',815,,421,1,,,0
30019,'1031779',1315,,422,1,,,0
30019,'1031780',1715,,423,1,,,0
30019,'1031781',1515,,424,1,,,0
30019,'1031782',1415,,425,1,,,0
30019,'1031783',1745,,426,1,,,0
30019,'1031784',841,,427,16,4,,0
30019,'1031785',1611,,428,16,4,,0
30019,'1031786',1145,,429,1,,,0
30019,'1031787',1041,,430,16,4,,0
30019,'1031788',1141,,431,16,4,,0
30019,'1031789',1211,,432,16,4,,0
30019,'1031790',1015,,433,1,,,0
30019,'1031791',1241,,434,16,4,,0
30019,'1031792',1911,,435,16,4,,0
30019,'1031793',1111,,436,16,4,,0
30019,'1031794',1445,,437,1,,,0
30019,'1031795',1045,,438,1,,,0
30019,'1031796',1215,,439,1,,,0
30019,'1031797',1411,,440,16,4,,0
30019,'1031798',1841,,441,16,4,,0
30019,'1031799',1441,,442,16,4,,0
30019,'1031800',1311,,443,16,4,,0
30019,'1031801',1511,,444,16,4,,0
31019,'1023497',941,,445,12,4,,0
31019,'1023498',1611,,446,12,4,,0
31019,'1023502',1811,,447,12,4,,0
31019,'1023504',1111,,448,12,4,,0
31019,'1023514',1511,,449,12,4,,0
31019,'1023515',841,,450,12,4,,0
31019,'1023516',1341,,451,12,4,,0
31019,'1023523',1441,,452,12,4,,0
31019,'1023524',711,,453,12,4,,0
31019,'1023532',1311,,454,12,4,,0
31019,'1023535',1739,,455,12,4,,0
31019,'1023540',1211,,456,12,4,,0
31019,'1023543',1841,,457,12,4,,0
31019,'1023553',1140,,458,12,4,,0
31019,'1023555',1541,,459,12,4,,0
31019,'1023561',1711,,460,12,4,,0
31019,'1023562',1041,,461,12,4,,0
31019,'1023568',1011,,462,12,4,,0
31019,'1023572',1411,,463,12,4,,0
31019,'1023574',911,,464,12,4,,0
31019,'1023581',1241,,465,12,4,,0
31019,'1023583',811,,466,12,4,,0
31019,'1023586',741,,467,12,4,,0
31019,'1023590',1641,,468,12,4,,0
31029,'1023499',1415,,469,1,0,5 6,0
31029,'1023506',1515,,470,1,0,5 6,0
31029,'1023507',1215,,471,1,0,5 6,0
31029,'1023508',945,,472,1,0,5 6,0
31029,'1023509',745,,473,1,0,5 6,0
31029,'1023511',1445,,474,1,0,5 6,0
31029,'1023513',645,,475,1,0,5 6,0
31029,'1023518',1615,,476,1,0,5 6,0
31029,'1023526',1245,,477,1,0,5 6,0
31029,'1023527',1745,,478,1,0,5 6,0
31029,'1023529',1015,,479,1,0,5 6,0
31029,'1023539',915,,480,1,0,5 6,0
31029,'1023541',845,,481,1,0,5 6,0
31029,'1023542',1315,,482,1,0,5 6,0
31029,'1023546',1115,,483,1,0,5 6,0
31029,'1023552',1715,,484,1,0,5 6,0
31029,'1023556',1815,,485,1,0,5 6,0
31029,'1023557',1545,,486,1,0,5 6,0
31029,'1023564',1145,,487,1,0,5 6,0
31029,'1023565',1045,,488,1,0,5 6,0
31029,'1023567',815,,489,1,0,5 6,0
31029,'1023576',1645,,490,1,0,5 6,0
31029,'1023582',715,,491,1,0,5 6,0
31029,'1023584',1345,,492,1,0,5 6,0
46019,'1024244',1315,,493,1,,,0,26,,493,26,4,,0
46019,'1024245',815,,494,1,,,0,26,,494,26,4,,0
46019,'1024250',1145,,495,1,,,0,66,,495,26,4,,0
46019,'1024253',1545,,496,1,,,0,66,,496,26,4,,0
46019,'1024263',715,,497,1,,,0,26,,497,26,4,,0
46019,'1024264',1215,,498,1,,,0,26,,498,26,4,,0
46019,'1024266',745,,499,1,,,0,66,,499,26,4,,0
46019,'1024267',1415,,500,1,,,0,26,,500,26,4,,0
46019,'1024268',1615,,501,1,,,0,26,,501,26,4,,0
46019,'1024271',1445,,502,1,,,0,66,,502,26,4,,0
46019,'1024278',1645,,503,1,,,0,66,,503,26,4,,0
46019,'1024282',1115,,504,1,,,0,26,,504,26,4,,0
46019,'1024288',915,,505,1,,,0,26,,505,26,4,,0
46019,'1024289',1715,,506,1,,,0,26,,506,26,4,,0
46019,'1024295',945,,507,1,,,0,66,,507,26,4,,0
46019,'1024296',1745,,508,1,,,0,66,,508,26,4,,0
46019,'1024297',1815,,509,1,,,0,26,,509,26,4,,0
46019,'1024300',1245,,510,1,,,0,66,,510,26,4,,0
46019,'1024301',845,,511,1,,,0,66,,511,26,4,,0
46019,'1024303',1515,,512,1,,,0,26,,512,26,4,,0
46019,'1024304',1045,,513,1,,,0,66,,513,26,4,,0
46019,'1024309',1345,,514,1,,,0,66,,514,26,4,,0
46019,'1024310',645,,515,1,,,0,66,,515,26,4,,0
46019,'1024312',1015,,516,1,,,0,26,,516,26,4,,0
