30019,'1022006',1853,,341,9,,,0
30019,'1022019',1953,,342,9,,,0
30019,'1022024',1923,,343,9,,,0
30019,'1022033',2053,,344,9,,,0
30019,'1022037',2153,,345,9,,,0
30019,'1022062',2223,,346,9,,,0
30019,'1022075',2023,,347,9,,,0
30019,'1022083',2123,,348,9,,,0
30019,'1031077',953,,349,9,,,0
30019,'1031082',1423,,352,9,,,0
30019,'1031084',2023,,353,9,,,0
30019,'1031097',1353,,356,9,,,0
30019,'1031098',1053,,357,9,,,0
30019,'1031109',923,,358,9,,,0
30019,'1031136',1323,,360,9,,,0
30019,'1031151',1223,,361,9,,,0
30019,'1031178',1953,,362,9,,,0
30019,'1031191',2053,,363,9,,,0
30019,'1031234',1853,,365,9,,,0
30019,'1031251',1123,,367,9,,,0
30019,'1031253',853,,368,9,,,0
30019,'1031265',1453,,369,9,,,0
30019,'1031290',1723,,372,9,,,0
30019,'1031297',1823,,374,9,,,0
30019,'1031307',1523,,377,9,,,0
30019,'1031326',1623,,380,9,,,0
30019,'1031338',1553,,381,9,,,0
30019,'1031352',1023,,383,9,,,0
30019,'1031361',823,,384,9,,,0
30019,'1031450',1653,,386,9,,,0
30019,'1031479',1753,,391,9,,,0
30019,'1031507',1153,,394,9,,,0
30019,'1031512',1253,,395,9,,,0
30019,'1031524',1923,,398,9,,,0
30019,'1031758',1123,,401,9,,,0
30019,'1031759',1253,,402,9,,,0
30019,'1031762',853,,405,9,,,0
30019,'1031763',1653,,406,9,,,0
30019,'1031765',953,,408,9,,,0
30019,'1031768',1823,,411,9,,,0
30019,'1031771',923,,414,9,,,0
30019,'1031773',1353,,416,9,,,0
30019,'1031775',1553,,418,9,,,0
30019,'1031776',1853,,419,9,,,0
30019,'1031777',1623,,420,9,,,0
30019,'1031778',823,,421,9,,,0
30019,'1031779',1323,,422,9,,,0
30019,'1031780',1723,,423,9,,,0
30019,'1031781',1523,,424,9,,,0
30019,'1031782',1423,,425,9,,,0
30019,'1031783',1753,,426,9,,,0
30019,'1031786',1153,,429,9,,,0
30019,'1031790',1023,,433,9,,,0
30019,'1031794',1453,,437,9,,,0
30019,'1031795',1053,,438,9,,,0
30019,'1031796',1223,,439,9,,,0
61019,'1023602',2219,,671,25,,,0
61019,'1023604',1049,,672,19,,,0
61019,'1023607',1149,,673,19,,,0
61019,'1023608',1519,,674,19,,,0
61019,'1023609',1549,,675,19,,,0
61019,'1023612',751,,676,19,,,0
61019,'1023613',1349,,677,19,,,0
61019,'1023615',2049,,678,25,,,0
61019,'1023616',1619,,679,19,,,0
61019,'1023617',719,,680,19,,,0
61019,'1023618',1819,,681,19,,,0
61019,'1023622',2149,,682,25,,,0
61019,'1023625',1319,,683,19,,,0
61019,'1023627',1849,,684,25,,,0
61019,'1023628',1919,,685,25,,,0
61019,'1023629',949,,686,19,,,0
61019,'1023630',1449,,687,19,,,0
61019,'1023631',651,,688,19,,,0
61019,'1023633',1419,,689,19,,,0
61019,'1023634',1649,,690,19,,,0
61019,'1023637',849,,691,19,,,0
61019,'1023640',2019,,692,25,,,0
61019,'1023642',919,,693,19,,,0
61019,'1023643',1719,,694,19,,,0
61019,'1023646',1751,,695,19,,,0
61019,'1023647',1249,,696,19,,,0
61019,'1023649',1949,,697,25,,,0
61019,'1023650',1121,,698,19,,,0
61019,'1023651',1019,,699,19,,,0
61019,'1023653',819,,700,19,,,0
61019,'1023654',2119,,701,25,,,0
61019,'1023655',1219,,702,19,,,0
61019,'1031073',1149,,703,19,,,0
61019,'1031088',1019,,704,19,,,0
61019,'1031106',1549,,705,19,,,0
61019,'1031112',1549,,706,19,,,0
61019,'1031128',949,,707,19,,,0
61019,'1031140',1019,,708,19,,,0
61019,'1031141',1149,,709,19,,,0
61019,'1031143',1349,,710,19,,,0
61019,'1031150',1819,,711,19,,,0
61019,'1031153',1949,,712,19,,,0
61019,'1031155',1349,,713,19,,,0
61019,'1031162',1619,,714,19,,,0
61019,'1031165',1849,,715,19,,,0
61019,'1031173',1319,,716,19,,,0
61019,'1031179',1119,,717,19,,,0
61019,'1031199',1249,,718,19,,,0
61019,'1031206',1319,,719,19,,,0
61019,'1031222',1749,,720,19,,,0
61019,'1031225',919,,721,19,,,0
61019,'1031226',2019,,722,19,,,0
61019,'1031228',1849,,723,19,,,0
61019,'1031252',849,,724,19,,,0
61019,'1031258',849,,725,19,,,0
61019,'1031260',819,,726,19,,,0
61019,'1031277',1719,,727,19,,,0
61019,'1031293',1519,,728,19,,,0
61019,'1031304',1419,,729,19,,,0
61019,'1031313',1119,,730,19,,,0
61019,'1031330',1449,,731,19,,,0
61019,'1031331',2049,,732,19,,,0
61019,'1031335',819,,733,19,,,0
61019,'1031357',1419,,734,19,,,0
61019,'1031359',1819,,735,19,,,0
61019,'1031360',1919,,736,19,,,0
61019,'1031362',1049,,737,19,,,0
61019,'1031375',1519,,738,19,,,0
61019,'1031384',1649,,739,19,,,0
61019,'1031388',1219,,740,19,,,0
61019,'1031391',1919,,741,19,,,0
61019,'1031407',1749,,742,19,,,0
61019,'1031411',1219,,743,19,,,0
61019,'1031414',919,,744,19,,,0
61019,'1031435',1619,,745,19,,,0
61019,'1031457',1649,,746,19,,,0
61019,'1031462',1249,,747,19,,,0
61019,'1031483',949,,748,19,,,0
61019,'1031501',1449,,749,19,,,0
61019,'1031516',1049,,750,19,,,0
61019,'1031526',1719,,751,19,,,0
