30019,'1022006',1900,,341,17,,,0
30019,'1022019',2000,,342,17,,,0
30019,'1022024',1930,,343,17,,,0
30019,'1022033',2100,,344,17,,,0
30019,'1022037',2200,,345,17,,,0
30019,'1022062',2230,,346,17,,,0
30019,'1022075',2030,,347,17,,,0
30019,'1022083',2130,,348,17,,,0
30019,'1031079',1100,,350,3,,,0
30019,'1031081',830,,351,3,,,0
30019,'1031086',1000,,354,3,,,0
30019,'1031094',1330,,355,3,,,0
30019,'1031133',1800,,359,3,,,0
30019,'1031208',1900,,364,3,,,0
30019,'1031244',1730,,366,3,,,0
30019,'1031280',2030,,370,3,,,0
30019,'1031287',1700,,371,3,,,0
30019,'1031295',1200,,373,3,,,0
30019,'1031299',1530,,375,3,,,0
30019,'1031305',1930,,376,3,,,0
30019,'1031308',2000,,378,3,,,0
30019,'1031322',1830,,379,3,,,0
30019,'1031351',1030,,382,3,,,0
30019,'1031405',1500,,385,3,,,0
30019,'1031453',1430,,387,3,,,0
30019,'1031454',930,,388,3,,,0
30019,'1031463',1400,,389,3,,,0
30019,'1031464',900,,390,3,,,0
30019,'1031484',2100,,392,3,,,0
30019,'1031490',1630,,393,3,,,0
30019,'1031521',1230,,396,3,,,0
30019,'1031523',1130,,397,3,,,0
30019,'1031531',1600,,399,3,,,0
30019,'1031535',1300,,400,3,,,0
30019,'1031760',1330,,403,3,,,0
30019,'1031761',1000,,404,3,,,0
30019,'1031764',1730,,407,3,,,0
30019,'1031766',930,,409,3,,,0
30019,'1031767',1630,,410,3,,,0
30019,'1031769',1800,,412,3,,,0
30019,'1031770',1530,,413,3,,,0
30019,'1031772',1700,,415,3,,,0
30019,'1031774',900,,417,3,,,0
30019,'1031784',830,,427,3,,,0
30019,'1031785',1600,,428,3,,,0
30019,'1031787',1030,,430,3,,,0
30019,'1031788',1130,,431,3,,,0
30019,'1031789',1200,,432,3,,,0
30019,'1031791',1230,,434,3,,,0
30019,'1031792',1900,,435,3,,,0
30019,'1031793',1100,,436,3,,,0
30019,'1031797',1400,,440,3,,,0
30019,'1031798',1830,,441,3,,,0
30019,'1031799',1430,,442,3,,,0
30019,'1031800',1300,,443,3,,,0
30019,'1031801',1500,,444,3,,,0
31019,'1023497',932,,445,3,0,5 6,0
31019,'1023498',1602,,446,3,0,5 6,0
31019,'1023502',1802,,447,3,0,5 6,0
31019,'1023504',1102,,448,3,0,5 6,0
31019,'1023514',1502,,449,3,0,5 6,0
31019,'1023515',832,,450,3,0,5 6,0
31019,'1023516',1332,,451,3,0,5 6,0
31019,'1023523',1432,,452,3,0,5 6,0
31019,'1023524',702,,453,3,0,5 6,0
31019,'1023532',1302,,454,3,0,5 6,0
31019,'1023535',1732,,455,3,0,5 6,0
31019,'1023540',1202,,456,3,0,5 6,0
31019,'1023543',1832,,457,3,0,5 6,0
31019,'1023553',1132,,458,3,0,5 6,0
31019,'1023555',1532,,459,3,0,5 6,0
31019,'1023561',1702,,460,3,0,5 6,0
31019,'1023562',1032,,461,3,0,5 6,0
31019,'1023568',1002,,462,3,0,5 6,0
31019,'1023572',1402,,463,3,0,5 6,0
31019,'1023574',902,,464,3,0,5 6,0
31019,'1023581',1232,,465,3,0,5 6,0
31019,'1023583',802,,466,3,0,5 6,0
31019,'1023586',732,,467,3,0,5 6,0
31019,'1023590',1632,,468,3,0,5 6,0
