20019,'1026880',1300,,161,17,,,0
20019,'1026881',1530,,162,17,,,0
20019,'1026885',1800,,163,17,,,0
20019,'1026887',1100,,164,17,,,0
20019,'1026888',1500,,165,17,,,0
20019,'1026889',900,,166,17,,,0
20019,'1026891',1630,,167,17,,,0
20019,'1026892',730,,168,17,,,0
20019,'1026899',1200,,169,17,,,0
20019,'1026900',1600,,170,17,,,0
20019,'1026901',1830,,171,17,,,0
20019,'1026903',930,,172,17,,,0
20019,'1026905',1130,,173,17,,,0
20019,'1026906',1230,,174,17,,,0
20019,'1026907',1000,,175,17,,,0
20019,'1026909',1730,,176,17,,,0
20019,'1026911',700,,177,17,,,0
20019,'1026912',1700,,178,17,,,0
20019,'1026914',1400,,179,17,,,0
20019,'1026915',800,,180,17,,,0
20019,'1026918',830,,181,17,,,0
20019,'1026919',1430,,182,17,,,0
20019,'1026921',1330,,183,17,,,0
20019,'1026922',1030,,184,17,,,0
20019,'1031076',1200,,185,17,,,0
20019,'1031114',900,,186,17,,,0
20019,'1031117',1700,,187,17,,,0
20019,'1031123',1500,,188,17,,,0
20019,'1031134',1630,,189,17,,,0
20019,'1031180',1430,,190,17,,,0
20019,'1031230',1000,,191,17,,,0
20019,'1031240',1800,,192,17,,,0
20019,'1031246',1300,,193,17,,,0
20019,'1031248',2000,,194,17,,,0
20019,'1031270',1230,,195,17,,,0
20019,'1031271',1730,,196,17,,,0
20019,'1031273',1400,,197,17,,,0
20019,'1031309',1130,,198,17,,,0
20019,'1031316',2030,,199,17,,,0
20019,'1031367',930,,200,17,,,0
20019,'1031377',1830,,201,17,,,0
20019,'1031397',1930,,202,17,,,0
20019,'1031410',2100,,203,17,,,0
20019,'1031412',1530,,204,17,,,0
20019,'1031441',1900,,205,17,,,0
20019,'1031442',1330,,206,17,,,0
20019,'1031468',831,,207,17,,,0
20019,'1031488',1600,,208,17,,,0
20019,'1031519',1030,,209,17,,,0
20019,'1031541',1100,,210,17,,,0
