53019,'1024242',1921,,517,23,,,0
53019,'1024246',2051,,518,23,,,0
53019,'1024254',2121,,519,23,,,0
53019,'1024269',2021,,520,23,,,0
53019,'1024272',2151,,521,23,,,0
53019,'1024279',2221,,522,23,,,0
53019,'1024280',1851,,523,23,,,0
53019,'1024313',1951,,524,23,,,0
53019,'1034057',1921,,525,20,,,0
53019,'1034060',751,,526,24,,,0
53019,'1034061',921,,527,20,,,0
53019,'1034064',1121,,528,20,,,0
53019,'1034065',1421,,529,24,,,0
53019,'1034069',1521,,530,20,,,0
53019,'1034070',1551,,531,24,,,0
53019,'1034072',1851,,532,20,,,0
53019,'1034074',951,,533,24,,,0
53019,'1034077',1221,,534,20,,,0
53019,'1034079',1651,,535,24,,,0
53019,'1034082',1751,,536,24,,,0
53019,'1034083',1751,,537,20,,,0
53019,'1034085',1551,,538,20,,,0
53019,'1034087',851,,539,24,,,0
53019,'1034091',851,,540,20,,,0
53019,'1034092',1021,,541,20,,,0
53019,'1034094',1451,,542,20,,,0
53019,'1034095',821,,543,20,,,0
53019,'1034100',1421,,544,20,,,0
53019,'1034102',821,,545,24,,,0
53019,'1034104',1751,,546,20,,,0
53019,'1034105',1421,,547,20,,,0
53019,'1034106',1251,,548,24,,,0
53019,'1034107',1121,,549,20,,,0
53019,'1034108',921,,550,20,,,0
53019,'1034113',1721,,551,20,,,0
53019,'1034115',1151,,552,24,,,0
53019,'1034116',1951,,553,20,,,0
53019,'1034120',1721,,554,24,,,0
53019,'1034121',851,,555,20,,,0
53019,'1034122',721,,556,24,,,0
53019,'1034123',1821,,557,20,,,0
53019,'1034124',1621,,558,24,,,0
53019,'1034126',1651,,559,20,,,0
53019,'1034127',921,,560,24,,,0
53019,'1034128',1351,,561,24,,,0
53019,'1034135',1621,,562,20,,,0
53019,'1034136',1451,,563,20,,,0
53019,'1034139',1251,,564,20,,,0
53019,'1034140',1051,,565,20,,,0
53019,'1034144',821,,566,20,,,0
53019,'1034145',1721,,567,20,,,0
53019,'1034149',1221,,568,20,,,0
53019,'1034150',1151,,569,20,,,0
53019,'1034151',1051,,570,24,,,0
53019,'1034154',1621,,571,20,,,0
53019,'1034155',1321,,572,20,,,0
53019,'1034157',2051,,573,20,,,0
53019,'1034158',1051,,574,20,,,0
53019,'1034161',1021,,575,20,,,0
53019,'1034162',1151,,576,20,,,0
53019,'1034165',1521,,577,24,,,0
53019,'1034168',1221,,578,24,,,0
53019,'1034169',2021,,579,20,,,0
53019,'1034178',1321,,580,24,,,0
53019,'1034179',1551,,581,20,,,0
53019,'1034182',1821,,582,20,,,0
53019,'1034183',951,,583,20,,,0
53019,'1034185',1251,,584,20,,,0
53019,'1034187',951,,585,20,,,0
53019,'1034190',1351,,586,20,,,0
53019,'1034192',1821,,587,24,,,0
53019,'1034193',1351,,588,20,,,0
53019,'1034194',1121,,589,24,,,0
53019,'1034195',1921,,590,20,,,0
53019,'1034196',1021,,591,24,,,0
53019,'1034198',1851,,592,20,,,0
53019,'1034199',1521,,593,20,,,0
53019,'1034200',1321,,594,20,,,0
53019,'1034202',1651,,595,20,,,0
53019,'1034204',1451,,596,24,,,0
53019,'1034205',651,,597,24,,,0
