56019,'1023995',916,,598,13,,,0
56019,'1023996',1046,,599,13,,,0
56019,'1024001',816,,600,13,,,0
56019,'1024009',1016,,601,13,,,0
56019,'1024011',1816,,602,13,,,0
56019,'1024012',1116,,603,13,,,0
56019,'1024019',1546,,604,13,,,0
56019,'1024026',1516,,605,13,,,0
56019,'1024027',1746,,606,13,,,0
56019,'1024031',1146,,607,13,,,0
56019,'1024039',1446,,608,13,,,0
56019,'1024041',646,,609,13,,,0
56019,'1024069',846,,610,13,,,0
56019,'1024071',946,,611,13,,,0
56019,'1024080',716,,612,13,,,0
56019,'1024083',1646,,613,13,,,0
56019,'1024089',1616,,614,13,,,0
56019,'1024090',1216,,615,13,,,0
56019,'1024116',1316,,616,13,,,0
56019,'1024120',1246,,617,13,,,0
56019,'1024130',1416,,618,13,,,0
56019,'1024135',1346,,619,13,,,0
56019,'1024139',1716,,620,13,,,0
56019,'1024140',746,,621,13,,,0
56019,'1031091',1746,,622,13,,,0
56019,'1031104',1346,,623,13,,,0
56019,'1031125',1546,,624,13,,,0
56019,'1031129',1246,,625,13,,,0
56019,'1031130',916,,626,13,,,0
56019,'1031138',846,,627,13,,,0
56019,'1031146',946,,628,13,,,0
56019,'1031158',1816,,629,13,,,0
56019,'1031174',1646,,630,13,,,0
56019,'1031176',1716,,631,13,,,0
56019,'1031184',1546,,632,13,,,0
56019,'1031187',916,,633,13,,,0
56019,'1031196',816,,634,13,,,0
56019,'1031201',1516,,635,13,,,0
56019,'1031204',1846,,636,13,,,0
56019,'1031209',1816,,637,13,,,0
56019,'1031212',846,,638,13,,,0
56019,'1031229',1316,,639,13,,,0
56019,'1031235',1216,,640,13,,,0
56019,'1031261',1416,,641,13,,,0
56019,'1031274',1146,,642,13,,,0
56019,'1031319',1516,,643,13,,,0
56019,'1031337',1916,,644,13,,,0
56019,'1031343',1916,,645,13,,,0
56019,'1031348',1416,,646,13,,,0
56019,'1031368',1746,,647,13,,,0
56019,'1031370',1046,,648,13,,,0
56019,'1031373',1316,,649,13,,,0
56019,'1031376',1016,,650,13,,,0
56019,'1031386',1216,,651,13,,,0
56019,'1031395',1446,,652,13,,,0
56019,'1031396',1946,,653,13,,,0
56019,'1031404',1616,,654,13,,,0
56019,'1031415',1246,,655,13,,,0
56019,'1031416',1046,,656,13,,,0
56019,'1031419',1116,,657,13,,,0
56019,'1031426',2016,,658,13,,,0
56019,'1031433',1346,,659,13,,,0
56019,'1031449',816,,660,13,,,0
56019,'1031469',1716,,661,13,,,0
56019,'1031476',1116,,662,13,,,0
56019,'1031478',1846,,663,13,,,0
56019,'1031481',1446,,664,13,,,0
56019,'1031515',2046,,665,13,,,0
56019,'1031520',1016,,666,13,,,0
56019,'1031522',1146,,667,13,,,0
56019,'1031528',1616,,668,13,,,0
56019,'1031532',946,,669,13,,,0
56019,'1031539',1646,,670,13,,,0
