30019,'1022006',1847,,341,4,,,0
30019,'1022019',1947,,342,4,,,0
30019,'1022024',1917,,343,4,,,0
30019,'1022033',2047,,344,4,,,0
30019,'1022037',2147,,345,4,,,0
30019,'1022062',2217,,346,4,,,0
30019,'1022075',2017,,347,4,,,0
30019,'1022083',2117,,348,4,,,0
30019,'1031077',947,,349,4,,,0
30019,'1031082',1417,,352,4,,,0
30019,'1031084',2017,,353,4,,,0
30019,'1031097',1347,,356,4,,,0
30019,'1031098',1047,,357,4,,,0
30019,'1031109',917,,358,4,,,0
30019,'1031136',1317,,360,4,,,0
30019,'1031151',1217,,361,4,,,0
30019,'1031178',1947,,362,4,,,0
30019,'1031191',2047,,363,4,,,0
30019,'1031234',1847,,365,4,,,0
30019,'1031251',1117,,367,4,,,0
30019,'1031253',847,,368,4,,,0
30019,'1031265',1447,,369,4,,,0
30019,'1031290',1717,,372,4,,,0
30019,'1031297',1817,,374,4,,,0
30019,'1031307',1517,,377,4,,,0
30019,'1031326',1617,,380,4,,,0
30019,'1031338',1547,,381,4,,,0
30019,'1031352',1017,,383,4,,,0
30019,'1031361',817,,384,4,,,0
30019,'1031450',1647,,386,4,,,0
30019,'1031479',1747,,391,4,,,0
30019,'1031507',1147,,394,4,,,0
30019,'1031512',1247,,395,4,,,0
30019,'1031524',1917,,398,4,,,0
30019,'1031758',1117,,401,4,,,0
30019,'1031759',1247,,402,4,,,0
30019,'1031762',847,,405,4,,,0
30019,'1031763',1647,,406,4,,,0
30019,'1031765',947,,408,4,,,0
30019,'1031768',1817,,411,4,,,0
30019,'1031771',917,,414,4,,,0
30019,'1031773',1347,,416,4,,,0
30019,'1031775',1547,,418,4,,,0
30019,'1031776',1847,,419,4,,,0
30019,'1031777',1617,,420,4,,,0
30019,'1031778',817,,421,4,,,0
30019,'1031779',1317,,422,4,,,0
30019,'1031780',1717,,423,4,,,0
30019,'1031781',1517,,424,4,,,0
30019,'1031782',1417,,425,4,,,0
30019,'1031783',1747,,426,4,,,0
30019,'1031786',1147,,429,4,,,0
30019,'1031790',1017,,433,4,,,0
30019,'1031794',1447,,437,4,,,0
30019,'1031795',1047,,438,4,,,0
30019,'1031796',1217,,439,4,,,0
31029,'1023499',1416,,469,4,0,5 6,0
31029,'1023506',1516,,470,4,0,5 6,0
31029,'1023507',1216,,471,4,0,5 6,0
31029,'1023508',946,,472,4,0,5 6,0
31029,'1023509',746,,473,4,0,5 6,0
31029,'1023511',1446,,474,4,0,5 6,0
31029,'1023513',646,,475,4,0,5 6,0
31029,'1023518',1616,,476,4,0,5 6,0
31029,'1023526',1246,,477,4,0,5 6,0
31029,'1023527',1746,,478,4,0,5 6,0
31029,'1023529',1016,,479,4,0,5 6,0
31029,'1023539',916,,480,4,0,5 6,0
31029,'1023541',846,,481,4,0,5 6,0
31029,'1023542',1316,,482,4,0,5 6,0
31029,'1023546',1116,,483,4,0,5 6,0
31029,'1023552',1716,,484,4,0,5 6,0
31029,'1023556',1816,,485,4,0,5 6,0
31029,'1023557',1546,,486,4,0,5 6,0
31029,'1023564',1146,,487,4,0,5 6,0
31029,'1023565',1046,,488,4,0,5 6,0
31029,'1023567',816,,489,4,0,5 6,0
31029,'1023576',1646,,490,4,0,5 6,0
31029,'1023582',716,,491,4,0,5 6,0
31029,'1023584',1346,,492,4,0,5 6,0
46019,'1024244',1318,,493,4,,,0
46019,'1024245',818,,494,4,,,0
46019,'1024250',1148,,495,4,,,0
46019,'1024253',1548,,496,4,,,0
46019,'1024263',718,,497,4,,,0
46019,'1024264',1218,,498,4,,,0
46019,'1024266',748,,499,4,,,0
46019,'1024267',1418,,500,4,,,0
46019,'1024268',1618,,501,4,,,0
46019,'1024271',1448,,502,4,,,0
46019,'1024278',1648,,503,4,,,0
46019,'1024282',1118,,504,4,,,0
46019,'1024288',918,,505,4,,,0
46019,'1024289',1718,,506,4,,,0
46019,'1024295',948,,507,4,,,0
46019,'1024296',1748,,508,4,,,0
46019,'1024297',1818,,509,4,,,0
46019,'1024300',1248,,510,4,,,0
46019,'1024301',848,,511,4,,,0
46019,'1024303',1518,,512,4,,,0
46019,'1024304',1048,,513,4,,,0
46019,'1024309',1348,,514,4,,,0
46019,'1024310',648,,515,4,,,0
46019,'1024312',1018,,516,4,,,0
