53019,'1024242',1915,2,517,13,,,0
53019,'1024246',2045,2,518,13,,,0
53019,'1024254',2115,2,519,13,,,0
53019,'1024269',2015,2,520,13,,,0
53019,'1024272',2145,2,521,13,,,0
53019,'1024279',2215,2,522,13,,,0
53019,'1024280',1845,2,523,13,,,0
53019,'1024313',1945,2,524,13,,,0
53019,'1034057',1915,2,525,10,,,0
53019,'1034060',745,2,526,14,,,0
53019,'1034061',915,2,527,10,,,0
53019,'1034064',1115,2,528,10,,,0
53019,'1034065',1415,2,529,14,,,0
53019,'1034069',1515,2,530,10,,,0
53019,'1034070',1545,2,531,14,,,0
53019,'1034072',1845,2,532,10,,,0
53019,'1034074',945,2,533,14,,,0
53019,'1034077',1215,2,534,10,,,0
53019,'1034079',1645,2,535,14,,,0
53019,'1034082',1745,2,536,14,,,0
53019,'1034083',1745,2,537,10,,,0
53019,'1034085',1545,2,538,10,,,0
53019,'1034087',845,2,539,14,,,0
53019,'1034091',845,2,540,10,,,0
53019,'1034092',1015,2,541,10,,,0
53019,'1034094',1445,2,542,10,,,0
53019,'1034095',815,2,543,10,,,0
53019,'1034100',1415,2,544,10,,,0
53019,'1034102',815,2,545,14,,,0
53019,'1034104',1745,2,546,10,,,0
53019,'1034105',1415,2,547,10,,,0
53019,'1034106',1245,2,548,14,,,0
53019,'1034107',1115,2,549,10,,,0
53019,'1034108',915,2,550,10,,,0
53019,'1034113',1715,2,551,10,,,0
53019,'1034115',1145,2,552,14,,,0
53019,'1034116',1945,2,553,10,,,0
53019,'1034120',1715,2,554,14,,,0
53019,'1034121',845,2,555,10,,,0
53019,'1034122',715,2,556,14,,,0
53019,'1034123',1815,2,557,10,,,0
53019,'1034124',1615,2,558,14,,,0
53019,'1034126',1645,2,559,10,,,0
53019,'1034127',915,2,560,14,,,0
53019,'1034128',1345,2,561,14,,,0
53019,'1034135',1615,2,562,10,,,0
53019,'1034136',1445,2,563,10,,,0
53019,'1034139',1245,2,564,10,,,0
53019,'1034140',1045,2,565,10,,,0
53019,'1034144',815,2,566,10,,,0
53019,'1034145',1715,2,567,10,,,0
53019,'1034149',1215,2,568,10,,,0
53019,'1034150',1145,2,569,10,,,0
53019,'1034151',1045,2,570,14,,,0
53019,'1034154',1615,2,571,10,,,0
53019,'1034155',1315,2,572,10,,,0
53019,'1034157',2045,2,573,10,,,0
53019,'1034158',1045,2,574,10,,,0
53019,'1034161',1015,2,575,10,,,0
53019,'1034162',1145,2,576,10,,,0
53019,'1034165',1515,2,577,14,,,0
53019,'1034168',1215,2,578,14,,,0
53019,'1034169',2015,2,579,10,,,0
53019,'1034178',1315,2,580,14,,,0
53019,'1034179',1545,2,581,10,,,0
53019,'1034182',1815,2,582,10,,,0
53019,'1034183',945,2,583,10,,,0
53019,'1034185',1245,2,584,10,,,0
53019,'1034187',945,2,585,10,,,0
53019,'1034190',1345,2,586,10,,,0
53019,'1034192',1815,2,587,14,,,0
53019,'1034193',1345,2,588,10,,,0
53019,'1034194',1115,2,589,14,,,0
53019,'1034195',1915,2,590,10,,,0
53019,'1034196',1015,2,591,14,,,0
53019,'1034198',1845,2,592,10,,,0
53019,'1034199',1515,2,593,10,,,0
53019,'1034200',1315,2,594,10,,,0
53019,'1034202',1645,2,595,10,,,0
53019,'1034204',1445,2,596,14,,,0
53019,'1034205',645,2,597,14,,,0
