56019,'1023995',911,,598,7,,,0
56019,'1023996',1041,,599,7,,,0
56019,'1024001',810,,600,7,,,0
56019,'1024009',1011,,601,7,,,0
56019,'1024011',1811,,602,7,,,0
56019,'1024012',1111,,603,7,,,0
56019,'1024019',1541,,604,7,,,0
56019,'1024026',1511,,605,7,,,0
56019,'1024027',1741,,606,7,,,0
56019,'1024031',1141,,607,7,,,0
56019,'1024039',1441,,608,7,,,0
56019,'1024041',641,,609,7,,,0
56019,'1024069',841,,610,7,,,0
56019,'1024071',941,,611,7,,,0
56019,'1024080',711,,612,7,,,0
56019,'1024083',1641,,613,7,,,0
56019,'1024089',1611,,614,7,,,0
56019,'1024090',1211,,615,7,,,0
56019,'1024116',1311,,616,7,,,0
56019,'1024120',1241,,617,7,,,0
56019,'1024130',1411,,618,7,,,0
56019,'1024135',1341,,619,7,,,0
56019,'1024139',1711,,620,7,,,0
56019,'1024140',741,,621,7,,,0
56019,'1031091',1741,,622,7,,,0
56019,'1031104',1341,,623,7,,,0
56019,'1031125',1541,,624,7,,,0
56019,'1031129',1241,,625,7,,,0
56019,'1031130',911,,626,7,,,0
56019,'1031138',841,,627,7,,,0
56019,'1031146',941,,628,7,,,0
56019,'1031158',1811,,629,7,,,0
56019,'1031174',1641,,630,7,,,0
56019,'1031176',1711,,631,7,,,0
56019,'1031184',1541,,632,7,,,0
56019,'1031187',911,,633,7,,,0
56019,'1031196',810,,634,7,,,0
56019,'1031201',1511,,635,7,,,0
56019,'1031204',1841,,636,7,,,0
56019,'1031209',1811,,637,7,,,0
56019,'1031212',841,,638,7,,,0
56019,'1031229',1311,,639,7,,,0
56019,'1031235',1211,,640,7,,,0
56019,'1031261',1411,,641,7,,,0
56019,'1031274',1141,,642,7,,,0
56019,'1031319',1511,,643,7,,,0
56019,'1031337',1911,,644,7,,,0
56019,'1031343',1911,,645,7,,,0
56019,'1031348',1411,,646,7,,,0
56019,'1031368',1741,,647,7,,,0
56019,'1031370',1041,,648,7,,,0
56019,'1031373',1311,,649,7,,,0
56019,'1031376',1011,,650,7,,,0
56019,'1031386',1211,,651,7,,,0
56019,'1031395',1441,,652,7,,,0
56019,'1031396',1941,,653,7,,,0
56019,'1031404',1611,,654,7,,,0
56019,'1031415',1241,,655,7,,,0
56019,'1031416',1041,,656,7,,,0
56019,'1031419',1111,,657,7,,,0
56019,'1031426',2011,,658,7,,,0
56019,'1031433',1341,,659,7,,,0
56019,'1031449',810,,660,7,,,0
56019,'1031469',1711,,661,7,,,0
56019,'1031476',1111,,662,7,,,0
56019,'1031478',1841,,663,7,,,0
56019,'1031481',1441,,664,7,,,0
56019,'1031515',2041,,665,7,,,0
56019,'1031520',1011,,666,7,,,0
56019,'1031522',1141,,667,7,,,0
56019,'1031528',1611,,668,7,,,0
56019,'1031532',941,,669,7,,,0
56019,'1031539',1641,,670,7,,,0
61019,'1023602',2202,,671,5,,,0
61019,'1023615',2032,,678,5,,,0
61019,'1023622',2132,,682,5,,,0
61019,'1023627',1832,,684,5,,,0
61019,'1023628',1902,,685,5,,,0
61019,'1023640',2002,,692,5,,,0
61019,'1023649',1932,,697,5,,,0
61019,'1023654',2102,,701,5,,,0
