21019,'1021456',1052,2,211,10,,,0
21019,'1021471',1652,2,212,10,,,0
21019,'1021474',1822,2,213,10,,,0
21019,'1021550',1022,2,214,10,,,0
21019,'1021570',922,2,215,10,,,0
21019,'1021573',1452,2,216,10,,,0
21019,'1021593',1352,2,217,10,,,0
21019,'1021602',1122,2,218,10,,,0
21019,'1021624',952,2,219,10,,,0
21019,'1021627',752,2,220,10,,,0
21019,'1021655',822,2,221,10,,,0
21019,'1021727',1552,2,222,10,,,0
21019,'1021738',1222,2,223,10,,,0
21019,'1021744',852,2,224,10,,,0
21019,'1021749',722,2,225,10,,,0
21019,'1021766',1622,2,226,10,,,0
21019,'1021767',1752,2,227,10,,,0
21019,'1021782',1322,2,228,10,,,0
21019,'1021819',1252,2,229,10,,,0
21019,'1021826',1522,2,230,10,,,0
21019,'1021829',1422,2,231,10,,,0
21019,'1021844',652,2,232,10,,,0
21019,'1021899',1152,2,233,10,,,0
21019,'1021900',1722,2,234,10,,,0
21019,'1026826',2122,2,235,10,,,0
21019,'1026827',1922,2,236,10,,,0
21019,'1026835',2152,2,237,10,,,0
21019,'1026837',1852,2,238,10,,,0
21019,'1026853',2022,2,239,10,,,0
21019,'1026855',1952,2,240,10,,,0
21019,'1026862',2222,2,241,10,,,0
21019,'1026866',2052,2,242,10,,,0
21019,'1031071',1822,2,243,10,,,0
21019,'1031083',1452,2,244,10,,,0
21019,'1031101',1822,2,245,10,,,0
21019,'1031108',1652,2,246,10,,,0
21019,'1031131',1722,2,247,10,,,0
21019,'1031137',1852,2,248,10,,,0
21019,'1031145',852,2,249,10,,,0
21019,'1031147',1522,2,250,10,,,0
21019,'1031161',952,2,251,10,,,0
21019,'1031163',1922,2,252,10,,,0
21019,'1031195',1622,2,253,10,,,0
21019,'1031197',1252,2,254,10,,,0
21019,'1031215',922,2,255,10,,,0
21019,'1031216',852,2,256,10,,,0
21019,'1031218',1522,2,257,10,,,0
21019,'1031220',1952,2,258,10,,,0
21019,'1031241',1222,2,259,10,,,0
21019,'1031247',1652,2,260,10,,,0
21019,'1031256',1352,2,261,10,,,0
21019,'1031262',2022,2,262,10,,,0
21019,'1031266',1852,2,263,10,,,0
21019,'1031268',1252,2,264,10,,,0
21019,'1031279',1152,2,265,10,,,0
21019,'1031281',1022,2,266,10,,,0
21019,'1031285',1052,2,267,10,,,0
21019,'1031298',1752,2,268,10,,,0
21019,'1031311',1722,2,269,10,,,0
21019,'1031314',952,2,270,10,,,0
21019,'1031315',1552,2,271,10,,,0
21019,'1031328',1122,2,272,10,,,0
21019,'1031332',822,2,273,10,,,0
21019,'1031341',2052,2,274,10,,,0
21019,'1031345',1322,2,275,10,,,0
21019,'1031349',1452,2,276,10,,,0
21019,'1031358',1552,2,277,10,,,0
21019,'1031372',1152,2,278,10,,,0
21019,'1031382',1422,2,279,10,,,0
21019,'1031418',1122,2,280,10,,,0
21019,'1031425',1622,2,281,10,,,0
21019,'1031432',1322,2,282,10,,,0
21019,'1031446',1422,2,283,10,,,0
21019,'1031447',1352,2,284,10,,,0
21019,'1031451',1022,2,285,10,,,0
21019,'1031456',922,2,286,10,,,0
21019,'1031460',822,2,287,10,,,0
21019,'1031465',1052,2,288,10,,,0
21019,'1031508',1752,2,289,10,,,0
21019,'1031525',1222,2,290,10,,,0
