21019,'1021456',1057,,211,15,,,0
21019,'1021471',1657,,212,15,,,0
21019,'1021474',1827,,213,15,,,0
21019,'1021550',1027,,214,15,,,0
21019,'1021570',927,,215,15,,,0
21019,'1021573',1457,,216,15,,,0
21019,'1021593',1357,,217,15,,,0
21019,'1021602',1127,,218,15,,,0
21019,'1021624',957,,219,15,,,0
21019,'1021627',757,,220,15,,,0
21019,'1021655',827,,221,15,,,0
21019,'1021727',1557,,222,15,,,0
21019,'1021738',1227,,223,15,,,0
21019,'1021744',857,,224,15,,,0
21019,'1021749',727,,225,15,,,0
21019,'1021766',1627,,226,15,,,0
21019,'1021767',1757,,227,15,,,0
21019,'1021782',1327,,228,15,,,0
21019,'1021819',1257,,229,15,,,0
21019,'1021826',1527,,230,15,,,0
21019,'1021829',1427,,231,15,,,0
21019,'1021844',657,,232,15,,,0
21019,'1021899',1157,,233,15,,,0
21019,'1021900',1727,,234,15,,,0
21019,'1026826',2127,,235,15,,,0
21019,'1026827',1927,,236,15,,,0
21019,'1026835',2157,,237,15,,,0
21019,'1026837',1857,,238,15,,,0
21019,'1026853',2027,,239,15,,,0
21019,'1026855',1957,,240,15,,,0
21019,'1026862',2227,,241,15,,,0
21019,'1026866',2057,,242,15,,,0
21019,'1031071',1827,,243,15,,,0
21019,'1031083',1457,,244,15,,,0
21019,'1031101',1827,,245,15,,,0
21019,'1031108',1657,,246,15,,,0
21019,'1031131',1727,,247,15,,,0
21019,'1031137',1857,,248,15,,,0
21019,'1031145',857,,249,15,,,0
21019,'1031147',1527,,250,15,,,0
21019,'1031161',957,,251,15,,,0
21019,'1031163',1927,,252,15,,,0
21019,'1031195',1627,,253,15,,,0
21019,'1031197',1257,,254,15,,,0
21019,'1031215',927,,255,15,,,0
21019,'1031216',857,,256,15,,,0
21019,'1031218',1527,,257,15,,,0
21019,'1031220',1957,,258,15,,,0
21019,'1031241',1227,,259,15,,,0
21019,'1031247',1657,,260,15,,,0
21019,'1031256',1357,,261,15,,,0
21019,'1031262',2027,,262,15,,,0
21019,'1031266',1857,,263,15,,,0
21019,'1031268',1257,,264,15,,,0
21019,'1031279',1157,,265,15,,,0
21019,'1031281',1027,,266,15,,,0
21019,'1031285',1057,,267,15,,,0
21019,'1031298',1757,,268,15,,,0
21019,'1031311',1727,,269,15,,,0
21019,'1031314',957,,270,15,,,0
21019,'1031315',1557,,271,15,,,0
21019,'1031328',1127,,272,15,,,0
21019,'1031332',827,,273,15,,,0
21019,'1031341',2057,,274,15,,,0
21019,'1031345',1327,,275,15,,,0
21019,'1031349',1457,,276,15,,,0
21019,'1031358',1557,,277,15,,,0
21019,'1031372',1157,,278,15,,,0
21019,'1031382',1427,,279,15,,,0
21019,'1031418',1127,,280,15,,,0
21019,'1031425',1627,,281,15,,,0
21019,'1031432',1327,,282,15,,,0
21019,'1031446',1427,,283,15,,,0
21019,'1031447',1357,,284,15,,,0
21019,'1031451',1027,,285,15,,,0
21019,'1031456',927,,286,15,,,0
21019,'1031460',827,,287,15,,,0
21019,'1031465',1057,,288,15,,,0
21019,'1031508',1757,,289,15,,,0
21019,'1031525',1227,,290,15,,,0
