20019,'1026880',1252,,161,7,,,0
20019,'1026881',1522,,162,7,,,0
20019,'1026885',1752,,163,7,,,0
20019,'1026887',1052,,164,7,,,0
20019,'1026888',1452,,165,7,,,0
20019,'1026889',852,,166,7,,,0
20019,'1026891',1622,,167,7,,,0
20019,'1026892',722,,168,7,,,0
20019,'1026899',1152,,169,7,,,0
20019,'1026900',1552,,170,7,,,0
20019,'1026901',1822,,171,7,,,0
20019,'1026903',922,,172,7,,,0
20019,'1026905',1122,,173,7,,,0
20019,'1026906',1222,,174,7,,,0
20019,'1026907',952,,175,7,,,0
20019,'1026909',1722,,176,7,,,0
20019,'1026911',652,,177,7,,,0
20019,'1026912',1652,,178,7,,,0
20019,'1026914',1352,,179,7,,,0
20019,'1026915',752,,180,7,,,0
20019,'1026918',822,,181,7,,,0
20019,'1026919',1422,,182,7,,,0
20019,'1026921',1322,,183,7,,,0
20019,'1026922',1022,,184,7,,,0
20019,'1031076',1152,,185,7,,,0
20019,'1031114',852,,186,7,,,0
20019,'1031117',1652,,187,7,,,0
20019,'1031123',1452,,188,7,,,0
20019,'1031134',1622,,189,7,,,0
20019,'1031180',1422,,190,7,,,0
20019,'1031230',952,,191,7,,,0
20019,'1031240',1752,,192,7,,,0
20019,'1031246',1252,,193,7,,,0
20019,'1031248',1952,,194,7,,,0
20019,'1031270',1222,,195,7,,,0
20019,'1031271',1722,,196,7,,,0
20019,'1031273',1352,,197,7,,,0
20019,'1031309',1122,,198,7,,,0
20019,'1031316',2022,,199,7,,,0
20019,'1031367',922,,200,7,,,0
20019,'1031377',1822,,201,7,,,0
20019,'1031397',1922,,202,7,,,0
20019,'1031410',2052,,203,7,,,0
20019,'1031412',1522,,204,7,,,0
20019,'1031441',1852,,205,7,,,0
20019,'1031442',1322,,206,7,,,0
20019,'1031468',822,,207,7,,,0
20019,'1031488',1552,,208,7,,,0
20019,'1031519',1022,,209,7,,,0
20019,'1031541',1052,,210,7,,,0
