21019,'1021456',1046,,211,3,,,0
21019,'1021471',1646,,212,3,,,0
21019,'1021474',1816,,213,3,,,0
21019,'1021550',1016,,214,3,,,0
21019,'1021570',916,,215,3,,,0
21019,'1021573',1446,,216,3,,,0
21019,'1021593',1346,,217,3,,,0
21019,'1021602',1116,,218,3,,,0
21019,'1021624',946,,219,3,,,0
21019,'1021627',746,,220,3,,,0
21019,'1021655',816,,221,3,,,0
21019,'1021727',1546,,222,3,,,0
21019,'1021738',1216,,223,3,,,0
21019,'1021744',846,,224,3,,,0
21019,'1021749',716,,225,3,,,0
21019,'1021766',1616,,226,3,,,0
21019,'1021767',1746,,227,3,,,0
21019,'1021782',1316,,228,3,,,0
21019,'1021819',1246,,229,3,,,0
21019,'1021826',1516,,230,3,,,0
21019,'1021829',1416,,231,3,,,0
21019,'1021844',646,,232,3,,,0
21019,'1021899',1146,,233,3,,,0
21019,'1021900',1716,,234,3,,,0
21019,'1026826',2116,,235,3,,,0
21019,'1026827',1916,,236,3,,,0
21019,'1026835',2146,,237,3,,,0
21019,'1026837',1846,,238,3,,,0
21019,'1026853',2016,,239,3,,,0
21019,'1026855',1946,,240,3,,,0
21019,'1026862',2216,,241,3,,,0
21019,'1026866',2046,,242,3,,,0
21019,'1031071',1816,,243,3,,,0
21019,'1031083',1446,,244,3,,,0
21019,'1031101',1816,,245,3,,,0
21019,'1031108',1646,,246,3,,,0
21019,'1031131',1716,,247,3,,,0
21019,'1031137',1846,,248,3,,,0
21019,'1031145',846,,249,3,,,0
21019,'1031147',1516,,250,3,,,0
21019,'1031161',946,,251,3,,,0
21019,'1031163',1916,,252,3,,,0
21019,'1031195',1616,,253,3,,,0
21019,'1031197',1246,,254,3,,,0
21019,'1031215',916,,255,3,,,0
21019,'1031216',846,,256,3,,,0
21019,'1031218',1516,,257,3,,,0
21019,'1031220',1946,,258,3,,,0
21019,'1031241',1216,,259,3,,,0
21019,'1031247',1646,,260,3,,,0
21019,'1031256',1346,,261,3,,,0
21019,'1031262',2016,,262,3,,,0
21019,'1031266',1846,,263,3,,,0
21019,'1031268',1246,,264,3,,,0
21019,'1031279',1146,,265,3,,,0
21019,'1031281',1016,,266,3,,,0
21019,'1031285',1046,,267,3,,,0
21019,'1031298',1746,,268,3,,,0
21019,'1031311',1716,,269,3,,,0
21019,'1031314',946,,270,3,,,0
21019,'1031315',1546,,271,3,,,0
21019,'1031328',1116,,272,3,,,0
21019,'1031332',816,,273,3,,,0
21019,'1031341',2046,,274,3,,,0
21019,'1031345',1316,,275,3,,,0
21019,'1031349',1446,,276,3,,,0
21019,'1031358',1546,,277,3,,,0
21019,'1031372',1146,,278,3,,,0
21019,'1031382',1416,,279,3,,,0
21019,'1031418',1116,,280,3,,,0
21019,'1031425',1616,,281,3,,,0
21019,'1031432',1316,,282,3,,,0
21019,'1031446',1416,,283,3,,,0
21019,'1031447',1346,,284,3,,,0
21019,'1031451',1016,,285,3,,,0
21019,'1031456',916,,286,3,,,0
21019,'1031460',816,,287,3,,,0
21019,'1031465',1046,,288,3,,,0
21019,'1031508',1746,,289,3,,,0
21019,'1031525',1216,,290,3,,,0
