21019,'1021456',1101,,211,20,,,0
21019,'1021471',1701,,212,20,,,0
21019,'1021474',1831,,213,20,,,0
21019,'1021550',1031,,214,20,,,0
21019,'1021570',931,,215,20,,,0
21019,'1021573',1501,,216,20,,,0
21019,'1021593',1401,,217,20,,,0
21019,'1021602',1131,,218,20,,,0
21019,'1021624',1001,,219,20,,,0
21019,'1021627',801,,220,20,,,0
21019,'1021655',831,,221,20,,,0
21019,'1021727',1601,,222,20,,,0
21019,'1021738',1231,,223,20,,,0
21019,'1021744',901,,224,20,,,0
21019,'1021749',731,,225,20,,,0
21019,'1021766',1631,,226,20,,,0
21019,'1021767',1801,,227,20,,,0
21019,'1021782',1331,,228,20,,,0
21019,'1021819',1301,,229,20,,,0
21019,'1021826',1531,,230,20,,,0
21019,'1021829',1431,,231,20,,,0
21019,'1021844',701,,232,20,,,0
21019,'1021899',1201,,233,20,,,0
21019,'1021900',1731,,234,20,,,0
21019,'1026826',2132,,235,20,,,0
21019,'1026827',1932,,236,20,,,0
21019,'1026835',2202,,237,20,,,0
21019,'1026837',1902,,238,20,,,0
21019,'1026853',2032,,239,20,,,0
21019,'1026855',2002,,240,20,,,0
21019,'1026862',2232,,241,20,,,0
21019,'1026866',2102,,242,20,,,0
21019,'1031071',1831,,243,20,,,0
21019,'1031083',1501,,244,20,,,0
21019,'1031101',1832,,245,20,,,0
21019,'1031108',1702,,246,20,,,0
21019,'1031131',1732,,247,20,,,0
21019,'1031137',1901,,248,20,,,0
21019,'1031145',901,,249,20,,,0
21019,'1031147',1532,,250,20,,,0
21019,'1031161',1001,,251,20,,,0
21019,'1031163',1931,,252,20,,,0
21019,'1031195',1631,,253,20,,,0
21019,'1031197',1301,,254,20,,,0
21019,'1031215',932,,255,20,,,0
21019,'1031216',902,,256,20,,,0
21019,'1031218',1531,,257,20,,,0
21019,'1031220',2001,,258,20,,,0
21019,'1031241',1232,,259,20,,,0
21019,'1031247',1701,,260,20,,,0
21019,'1031256',1402,,261,20,,,0
21019,'1031262',2031,,262,20,,,0
21019,'1031266',1902,,263,20,,,0
21019,'1031268',1302,,264,20,,,0
21019,'1031279',1201,,265,20,,,0
21019,'1031281',1032,,266,20,,,0
21019,'1031285',1102,,267,20,,,0
21019,'1031298',1802,,268,20,,,0
21019,'1031311',1731,,269,20,,,0
21019,'1031314',1002,,270,20,,,0
21019,'1031315',1602,,271,20,,,0
21019,'1031328',1132,,272,20,,,0
21019,'1031332',832,,273,20,,,0
21019,'1031341',2101,,274,20,,,0
21019,'1031345',1332,,275,20,,,0
21019,'1031349',1502,,276,20,,,0
21019,'1031358',1601,,277,20,,,0
21019,'1031372',1202,,278,20,,,0
21019,'1031382',1431,,279,20,,,0
21019,'1031418',1131,,280,20,,,0
21019,'1031425',1632,,281,20,,,0
21019,'1031432',1331,,282,20,,,0
21019,'1031446',1432,,283,20,,,0
21019,'1031447',1401,,284,20,,,0
21019,'1031451',1031,,285,20,,,0
21019,'1031456',931,,286,20,,,0
21019,'1031460',831,,287,20,,,0
21019,'1031465',1101,,288,20,,,0
21019,'1031508',1801,,289,20,,,0
21019,'1031525',1231,,290,20,,,0
