22019,'1022997',716,,291,4,,,0
22019,'1023022',746,,292,4,,,0
22019,'1023024',816,,293,4,,,0
22019,'1023029',646,,294,4,,,0
22019,'1031072',1646,,295,4,,,0
22019,'1031092',1746,,296,4,,,0
22019,'1031115',846,,297,4,,,0
22019,'1031118',1546,,298,4,,,0
22019,'1031144',1616,,299,4,,,0
22019,'1031148',1816,,300,4,,,0
22019,'1031154',1916,,301,4,,,0
22019,'1031183',1046,,302,4,,,0
22019,'1031207',1346,,303,4,,,0
22019,'1031214',916,,304,4,,,0
22019,'1031231',2016,,305,4,,,0
22019,'1031242',1846,,306,4,,,0
22019,'1031254',1116,,307,4,,,0
22019,'1031263',946,,308,4,,,0
22019,'1031347',816,,309,4,,,0
22019,'1031350',1716,,310,4,,,0
22019,'1031371',1416,,311,4,,,0
22019,'1031380',1316,,312,4,,,0
22019,'1031420',1216,,313,4,,,0
22019,'1031434',1246,,314,4,,,0
22019,'1031438',1946,,315,4,,,0
22019,'1031492',1016,,316,4,,,0
22019,'1031495',2046,,317,4,,,0
22019,'1031502',1146,,318,4,,,0
22019,'1031527',1516,,319,4,,,0
22019,'1031542',1446,,320,4,,,0
22019,'1032755',1546,,321,4,,,0
22019,'1032756',1816,,322,4,,,0
22019,'1032773',1646,,323,4,,,0
22019,'1032797',1246,,324,4,,,0
22019,'1032815',1046,,325,4,,,0
22019,'1032835',1446,,326,4,,,0
22019,'1032845',916,,327,4,,,0
22019,'1032853',1216,,328,4,,,0
22019,'1032859',1116,,329,4,,,0
22019,'1032863',1746,,330,4,,,0
22019,'1032864',1616,,331,4,,,0
22019,'1032879',1016,,332,4,,,0
22019,'1032880',1316,,333,4,,,0
22019,'1032886',1146,,334,4,,,0
22019,'1032888',1346,,335,4,,,0
22019,'1032891',1716,,336,4,,,0
22019,'1032902',846,,337,4,,,0
22019,'1032903',946,,338,4,,,0
22019,'1032927',1416,,339,4,,,0
22019,'1032931',1516,,340,4,,,0
