61019,'1023602',2201,,671,4,,,0
61019,'1023604',1032,,672,4,,,0
61019,'1023607',1132,,673,4,,,0
61019,'1023608',1502,,674,4,,,0
61019,'1023609',1532,,675,4,,,0
61019,'1023612',732,,676,4,,,0
61019,'1023613',1332,,677,4,,,0
61019,'1023615',2031,,678,4,,,0
61019,'1023616',1602,,679,4,,,0
61019,'1023617',702,,680,4,,,0
61019,'1023618',1802,,681,4,,,0
61019,'1023622',2131,,682,4,,,0
61019,'1023625',1302,,683,4,,,0
61019,'1023627',1831,,684,4,,,0
61019,'1023628',1901,,685,4,,,0
61019,'1023629',932,,686,4,,,0
61019,'1023630',1432,,687,4,,,0
61019,'1023631',632,,688,4,,,0
61019,'1023633',1402,,689,4,,,0
61019,'1023634',1632,,690,4,,,0
61019,'1023637',832,,691,4,,,0
61019,'1023640',2001,,692,4,,,0
61019,'1023642',902,,693,4,,,0
61019,'1023643',1702,,694,4,,,0
61019,'1023646',1732,,695,4,,,0
61019,'1023647',1232,,696,4,,,0
61019,'1023649',1931,,697,4,,,0
61019,'1023650',1102,,698,4,,,0
61019,'1023651',1002,,699,4,,,0
61019,'1023653',802,,700,4,,,0
61019,'1023654',2101,,701,4,,,0
61019,'1023655',1202,,702,4,,,0
61019,'1031073',1135,,703,4,,,0
61019,'1031088',1005,,704,4,,,0
61019,'1031106',1535,,705,4,,,0
61019,'1031112',1535,,706,4,,,0
61019,'1031128',935,,707,4,,,0
61019,'1031140',1005,,708,4,,,0
61019,'1031141',1135,,709,4,,,0
61019,'1031143',1335,,710,4,,,0
61019,'1031150',1805,,711,4,,,0
61019,'1031153',1935,,712,4,,,0
61019,'1031155',1335,,713,4,,,0
61019,'1031162',1605,,714,4,,,0
61019,'1031165',1835,,715,4,,,0
61019,'1031173',1305,,716,4,,,0
61019,'1031179',1105,,717,4,,,0
61019,'1031199',1235,,718,4,,,0
61019,'1031206',1305,,719,4,,,0
61019,'1031222',1735,,720,4,,,0
61019,'1031225',905,,721,4,,,0
61019,'1031226',2005,,722,4,,,0
61019,'1031228',1835,,723,4,,,0
61019,'1031252',835,,724,4,,,0
61019,'1031258',835,,725,4,,,0
61019,'1031260',805,,726,4,,,0
61019,'1031277',1705,,727,4,,,0
61019,'1031293',1505,,728,4,,,0
61019,'1031304',1405,,729,4,,,0
61019,'1031313',1105,,730,4,,,0
61019,'1031330',1435,,731,4,,,0
61019,'1031331',2035,,732,4,,,0
61019,'1031335',805,,733,4,,,0
61019,'1031357',1405,,734,4,,,0
61019,'1031359',1805,,735,4,,,0
61019,'1031360',1905,,736,4,,,0
61019,'1031362',1035,,737,4,,,0
61019,'1031375',1505,,738,4,,,0
61019,'1031384',1635,,739,4,,,0
61019,'1031388',1205,,740,4,,,0
61019,'1031391',1905,,741,4,,,0
61019,'1031407',1735,,742,4,,,0
61019,'1031411',1205,,743,4,,,0
61019,'1031414',905,,744,4,,,0
61019,'1031435',1605,,745,4,,,0
61019,'1031457',1635,,746,4,,,0
61019,'1031462',1235,,747,4,,,0
61019,'1031483',935,,748,4,,,0
61019,'1031501',1435,,749,4,,,0
61019,'1031516',1035,,750,4,,,0
61019,'1031526',1705,,751,4,,,0
