61019,'1023602',2213,,671,18,,,0
61019,'1023604',1043,,672,11,,,0
61019,'1023607',1143,,673,11,,,0
61019,'1023608',1513,,674,11,,,0
61019,'1023609',1543,,675,11,,,0
61019,'1023612',743,,676,11,,,0
61019,'1023613',1343,,677,11,,,0
61019,'1023615',2043,,678,18,,,0
61019,'1023616',1613,,679,11,,,0
61019,'1023617',711,,680,11,,,0
61019,'1023618',1811,,681,11,,,0
61019,'1023622',2143,,682,18,,,0
61019,'1023625',1313,,683,11,,,0
61019,'1023627',1843,,684,18,,,0
61019,'1023628',1913,,685,18,,,0
61019,'1023629',943,,686,11,,,0
61019,'1023630',1443,,687,11,,,0
61019,'1023631',643,,688,11,,,0
61019,'1023633',1413,,689,11,,,0
61019,'1023634',1643,,690,11,,,0
61019,'1023637',843,,691,11,,,0
61019,'1023640',2013,,692,18,,,0
61019,'1023642',913,,693,11,,,0
61019,'1023643',1713,,694,11,,,0
61019,'1023646',1743,,695,11,,,0
61019,'1023647',1243,,696,11,,,0
61019,'1023649',1943,,697,18,,,0
61019,'1023650',1113,,698,11,,,0
61019,'1023651',1013,,699,11,,,0
61019,'1023653',813,,700,11,,,0
61019,'1023654',2113,,701,18,,,0
61019,'1023655',1213,,702,11,,,0
61019,'1031073',1143,,703,11,,,0
61019,'1031088',1013,,704,11,,,0
61019,'1031106',1543,,705,11,,,0
61019,'1031112',1543,,706,11,,,0
61019,'1031128',943,,707,11,,,0
61019,'1031140',1013,,708,11,,,0
61019,'1031141',1143,,709,11,,,0
61019,'1031143',1343,,710,11,,,0
61019,'1031150',1813,,711,11,,,0
61019,'1031153',1943,,712,11,,,0
61019,'1031155',1343,,713,11,,,0
61019,'1031162',1613,,714,11,,,0
61019,'1031165',1843,,715,11,,,0
61019,'1031173',1313,,716,11,,,0
61019,'1031179',1113,,717,11,,,0
61019,'1031199',1243,,718,11,,,0
61019,'1031206',1313,,719,11,,,0
61019,'1031222',1743,,720,11,,,0
61019,'1031225',913,,721,11,,,0
61019,'1031226',2013,,722,11,,,0
61019,'1031228',1843,,723,11,,,0
61019,'1031252',843,,724,11,,,0
61019,'1031258',843,,725,11,,,0
61019,'1031260',813,,726,11,,,0
61019,'1031277',1713,,727,11,,,0
61019,'1031293',1513,,728,11,,,0
61019,'1031304',1413,,729,11,,,0
61019,'1031313',1113,,730,11,,,0
61019,'1031330',1443,,731,11,,,0
61019,'1031331',2043,,732,11,,,0
61019,'1031335',813,,733,11,,,0
61019,'1031357',1413,,734,11,,,0
61019,'1031359',1813,,735,11,,,0
61019,'1031360',1913,,736,11,,,0
61019,'1031362',1043,,737,11,,,0
61019,'1031375',1513,,738,11,,,0
61019,'1031384',1643,,739,11,,,0
61019,'1031388',1213,,740,11,,,0
61019,'1031391',1913,,741,11,,,0
61019,'1031407',1743,,742,11,,,0
61019,'1031411',1213,,743,11,,,0
61019,'1031414',913,,744,11,,,0
61019,'1031435',1613,,745,11,,,0
61019,'1031457',1643,,746,11,,,0
61019,'1031462',1243,,747,11,,,0
61019,'1031483',943,,748,11,,,0
61019,'1031501',1443,,749,11,,,0
61019,'1031516',1043,,750,11,,,0
61019,'1031526',1713,,751,11,,,0
