53019,'1024242',1916,,517,16,,,0
53019,'1024246',2046,,518,16,,,0
53019,'1024254',2116,,519,16,,,0
53019,'1024269',2016,,520,16,,,0
53019,'1024272',2146,,521,16,,,0
53019,'1024279',2216,,522,16,,,0
53019,'1024280',1846,,523,16,,,0
53019,'1024313',1946,,524,16,,,0
53019,'1034057',1916,,525,13,,,0
53019,'1034060',746,,526,17,,,0
53019,'1034061',916,,527,13,,,0
53019,'1034064',1116,,528,13,,,0
53019,'1034065',1416,,529,17,,,0
53019,'1034069',1516,,530,13,,,0
53019,'1034070',1546,,531,17,,,0
53019,'1034072',1846,,532,13,,,0
53019,'1034074',946,,533,17,,,0
53019,'1034077',1216,,534,13,,,0
53019,'1034079',1646,,535,17,,,0
53019,'1034082',1746,,536,17,,,0
53019,'1034083',1746,,537,13,,,0
53019,'1034085',1546,,538,13,,,0
53019,'1034087',846,,539,17,,,0
53019,'1034091',846,,540,13,,,0
53019,'1034092',1016,,541,13,,,0
53019,'1034094',1446,,542,13,,,0
53019,'1034095',816,,543,13,,,0
53019,'1034100',1416,,544,13,,,0
53019,'1034102',816,,545,17,,,0
53019,'1034104',1746,,546,13,,,0
53019,'1034105',1416,,547,13,,,0
53019,'1034106',1246,,548,17,,,0
53019,'1034107',1116,,549,13,,,0
53019,'1034108',916,,550,13,,,0
53019,'1034113',1716,,551,13,,,0
53019,'1034115',1146,,552,17,,,0
53019,'1034116',1946,,553,13,,,0
53019,'1034120',1716,,554,17,,,0
53019,'1034121',846,,555,13,,,0
53019,'1034122',716,,556,17,,,0
53019,'1034123',1816,,557,13,,,0
53019,'1034124',1616,,558,17,,,0
53019,'1034126',1646,,559,13,,,0
53019,'1034127',916,,560,17,,,0
53019,'1034128',1346,,561,17,,,0
53019,'1034135',1616,,562,13,,,0
53019,'1034136',1446,,563,13,,,0
53019,'1034139',1246,,564,13,,,0
53019,'1034140',1046,,565,13,,,0
53019,'1034144',816,,566,13,,,0
53019,'1034145',1716,,567,13,,,0
53019,'1034149',1216,,568,13,,,0
53019,'1034150',1146,,569,13,,,0
53019,'1034151',1046,,570,17,,,0
53019,'1034154',1616,,571,13,,,0
53019,'1034155',1316,,572,13,,,0
53019,'1034157',2046,,573,13,,,0
53019,'1034158',1046,,574,13,,,0
53019,'1034161',1016,,575,13,,,0
53019,'1034162',1146,,576,13,,,0
53019,'1034165',1516,,577,17,,,0
53019,'1034168',1216,,578,17,,,0
53019,'1034169',2016,,579,13,,,0
53019,'1034178',1316,,580,17,,,0
53019,'1034179',1546,,581,13,,,0
53019,'1034182',1816,,582,13,,,0
53019,'1034183',946,,583,13,,,0
53019,'1034185',1246,,584,13,,,0
53019,'1034187',946,,585,13,,,0
53019,'1034190',1346,,586,13,,,0
53019,'1034192',1816,,587,17,,,0
53019,'1034193',1346,,588,13,,,0
53019,'1034194',1116,,589,17,,,0
53019,'1034195',1916,,590,13,,,0
53019,'1034196',1016,,591,17,,,0
53019,'1034198',1846,,592,13,,,0
53019,'1034199',1516,,593,13,,,0
53019,'1034200',1316,,594,13,,,0
53019,'1034202',1646,,595,13,,,0
53019,'1034204',1446,,596,17,,,0
53019,'1034205',646,,597,17,,,0
