53019,'1024242',1911,,517,11,,,0
53019,'1024246',2041,,518,11,,,0
53019,'1024254',2111,,519,11,,,0
53019,'1024269',2011,,520,11,,,0
53019,'1024272',2141,,521,11,,,0
53019,'1024279',2211,,522,11,,,0
53019,'1024280',1841,,523,11,,,0
53019,'1024313',1941,,524,11,,,0
53019,'1034057',1910,,525,8,,,0
53019,'1034060',741,,526,12,,,0
53019,'1034061',910,,527,8,,,0
53019,'1034064',1110,,528,8,,,0
53019,'1034065',1411,,529,12,,,0
53019,'1034069',1510,,530,8,,,0
53019,'1034070',1541,,531,12,,,0
53019,'1034072',1840,,532,8,,,0
53019,'1034074',941,,533,12,,,0
53019,'1034077',1210,,534,8,,,0
53019,'1034079',1641,,535,12,,,0
53019,'1034082',1741,,536,12,,,0
53019,'1034083',1740,,537,8,,,0
53019,'1034085',1540,,538,8,,,0
53019,'1034087',841,,539,12,,,0
53019,'1034091',840,,540,8,,,0
53019,'1034092',1010,,541,8,,,0
53019,'1034094',1440,,542,8,,,0
53019,'1034095',810,,543,8,,,0
53019,'1034100',1410,,544,8,,,0
53019,'1034102',811,,545,12,,,0
53019,'1034104',1740,,546,8,,,0
53019,'1034105',1410,,547,8,,,0
53019,'1034106',1241,,548,12,,,0
53019,'1034107',1110,,549,8,,,0
53019,'1034108',910,,550,8,,,0
53019,'1034113',1710,,551,8,,,0
53019,'1034115',1141,,552,12,,,0
53019,'1034116',1940,,553,8,,,0
53019,'1034120',1711,,554,12,,,0
53019,'1034121',840,,555,8,,,0
53019,'1034122',711,,556,12,,,0
53019,'1034123',1810,,557,8,,,0
53019,'1034124',1611,,558,12,,,0
53019,'1034126',1640,,559,8,,,0
53019,'1034127',911,,560,12,,,0
53019,'1034128',1341,,561,12,,,0
53019,'1034135',1610,,562,8,,,0
53019,'1034136',1440,,563,8,,,0
53019,'1034139',1240,,564,8,,,0
53019,'1034140',1040,,565,8,,,0
53019,'1034144',810,,566,8,,,0
53019,'1034145',1710,,567,8,,,0
53019,'1034149',1210,,568,8,,,0
53019,'1034150',1140,,569,8,,,0
53019,'1034151',1041,,570,12,,,0
53019,'1034154',1610,,571,8,,,0
53019,'1034155',1310,,572,8,,,0
53019,'1034157',2040,,573,8,,,0
53019,'1034158',1040,,574,8,,,0
53019,'1034161',1010,,575,8,,,0
53019,'1034162',1140,,576,8,,,0
53019,'1034165',1511,,577,12,,,0
53019,'1034168',1211,,578,12,,,0
53019,'1034169',2010,,579,8,,,0
53019,'1034178',1311,,580,12,,,0
53019,'1034179',1540,,581,8,,,0
53019,'1034182',1810,,582,8,,,0
53019,'1034183',940,,583,8,,,0
53019,'1034185',1240,,584,8,,,0
53019,'1034187',940,,585,8,,,0
53019,'1034190',1340,,586,8,,,0
53019,'1034192',1811,,587,12,,,0
53019,'1034193',1340,,588,8,,,0
53019,'1034194',1111,,589,12,,,0
53019,'1034195',1910,,590,8,,,0
53019,'1034196',1011,,591,12,,,0
53019,'1034198',1840,,592,8,,,0
53019,'1034199',1510,,593,8,,,0
53019,'1034200',1310,,594,8,,,0
53019,'1034202',1640,,595,8,,,0
53019,'1034204',1441,,596,12,,,0
53019,'1034205',641,,597,12,,,0
