31019,'1023497',935,,445,5,0,5 6,0
31019,'1023498',1605,,446,5,0,5 6,0
31019,'1023502',1805,,447,5,0,5 6,0
31019,'1023504',1105,,448,5,0,5 6,0
31019,'1023514',1505,,449,5,0,5 6,0
31019,'1023515',835,,450,5,0,5 6,0
31019,'1023516',1335,,451,5,0,5 6,0
31019,'1023523',1435,,452,5,0,5 6,0
31019,'1023524',705,,453,5,0,5 6,0
31019,'1023532',1305,,454,5,0,5 6,0
31019,'1023535',1735,,455,5,0,5 6,0
31019,'1023540',1205,,456,5,0,5 6,0
31019,'1023543',1835,,457,5,0,5 6,0
31019,'1023553',1135,,458,5,0,5 6,0
31019,'1023555',1535,,459,5,0,5 6,0
31019,'1023561',1705,,460,5,0,5 6,0
31019,'1023562',1035,,461,5,0,5 6,0
31019,'1023568',1005,,462,5,0,5 6,0
31019,'1023572',1405,,463,5,0,5 6,0
31019,'1023574',905,,464,5,0,5 6,0
31019,'1023581',1235,,465,5,0,5 6,0
31019,'1023583',805,,466,5,0,5 6,0
31019,'1023586',735,,467,5,0,5 6,0
31019,'1023590',1635,,468,5,0,5 6,0
