21019,'1021456',1102,,211,22,,,0
21019,'1021471',1702,,212,22,,,0
21019,'1021474',1832,,213,22,,,0
21019,'1021550',1032,,214,22,,,0
21019,'1021570',932,,215,22,,,0
21019,'1021573',1502,,216,22,,,0
21019,'1021593',1402,,217,22,,,0
21019,'1021602',1132,,218,22,,,0
21019,'1021624',1002,,219,22,,,0
21019,'1021627',802,,220,22,,,0
21019,'1021655',832,,221,22,,,0
21019,'1021727',1602,,222,22,,,0
21019,'1021738',1232,,223,22,,,0
21019,'1021744',902,,224,22,,,0
21019,'1021749',732,,225,22,,,0
21019,'1021766',1632,,226,22,,,0
21019,'1021767',1802,,227,22,,,0
21019,'1021782',1332,,228,22,,,0
21019,'1021819',1302,,229,22,,,0
21019,'1021826',1532,,230,22,,,0
21019,'1021829',1432,,231,22,,,0
21019,'1021844',702,,232,22,,,0
21019,'1021899',1202,,233,22,,,0
21019,'1021900',1732,,234,22,,,0
21019,'1031071',1832,,243,22,,,0
21019,'1031083',1502,,244,22,,,0
21019,'1031137',1902,,248,22,,,0
21019,'1031145',902,,249,22,,,0
21019,'1031161',1002,,251,22,,,0
21019,'1031163',1932,,252,22,,,0
21019,'1031195',1632,,253,22,,,0
21019,'1031197',1302,,254,22,,,0
21019,'1031218',1532,,257,22,,,0
21019,'1031220',2002,,258,22,,,0
21019,'1031247',1702,,260,22,,,0
21019,'1031262',2032,,262,22,,,0
21019,'1031279',1202,,265,22,,,0
21019,'1031311',1732,,269,22,,,0
21019,'1031341',2102,,274,22,,,0
21019,'1031358',1602,,277,22,,,0
21019,'1031382',1432,,279,22,,,0
21019,'1031418',1132,,280,22,,,0
21019,'1031432',1332,,282,22,,,0
21019,'1031447',1402,,284,22,,,0
21019,'1031451',1032,,285,22,,,0
21019,'1031456',932,,286,22,,,0
21019,'1031460',832,,287,22,,,0
21019,'1031465',1102,,288,22,,,0
21019,'1031508',1802,,289,22,,,0
21019,'1031525',1232,,290,22,,,0
