56019,'1023995',916,,598,12,,,0
56019,'1023996',1046,,599,12,,,0
56019,'1024001',816,,600,12,,,0
56019,'1024009',1016,,601,12,,,0
56019,'1024011',1816,,602,12,,,0
56019,'1024012',1116,,603,12,,,0
56019,'1024019',1546,,604,12,,,0
56019,'1024026',1516,,605,12,,,0
56019,'1024027',1746,,606,12,,,0
56019,'1024031',1146,,607,12,,,0
56019,'1024039',1446,,608,12,,,0
56019,'1024041',646,,609,12,,,0
56019,'1024069',846,,610,12,,,0
56019,'1024071',946,,611,12,,,0
56019,'1024080',716,,612,12,,,0
56019,'1024083',1646,,613,12,,,0
56019,'1024089',1616,,614,12,,,0
56019,'1024090',1216,,615,12,,,0
56019,'1024116',1316,,616,12,,,0
56019,'1024120',1246,,617,12,,,0
56019,'1024130',1416,,618,12,,,0
56019,'1024135',1346,,619,12,,,0
56019,'1024139',1716,,620,12,,,0
56019,'1024140',746,,621,12,,,0
56019,'1031091',1746,,622,12,,,0
56019,'1031104',1346,,623,12,,,0
56019,'1031125',1546,,624,12,,,0
56019,'1031129',1246,,625,12,,,0
56019,'1031130',916,,626,12,,,0
56019,'1031138',846,,627,12,,,0
56019,'1031146',946,,628,12,,,0
56019,'1031158',1816,,629,12,,,0
56019,'1031174',1646,,630,12,,,0
56019,'1031176',1716,,631,12,,,0
56019,'1031184',1546,,632,12,,,0
56019,'1031187',916,,633,12,,,0
56019,'1031196',816,,634,12,,,0
56019,'1031201',1516,,635,12,,,0
56019,'1031204',1846,,636,12,,,0
56019,'1031209',1816,,637,12,,,0
56019,'1031212',846,,638,12,,,0
56019,'1031229',1316,,639,12,,,0
56019,'1031235',1216,,640,12,,,0
56019,'1031261',1416,,641,12,,,0
56019,'1031274',1146,,642,12,,,0
56019,'1031319',1516,,643,12,,,0
56019,'1031337',1916,,644,12,,,0
56019,'1031343',1916,,645,12,,,0
56019,'1031348',1416,,646,12,,,0
56019,'1031368',1746,,647,12,,,0
56019,'1031370',1046,,648,12,,,0
56019,'1031373',1316,,649,12,,,0
56019,'1031376',1016,,650,12,,,0
56019,'1031386',1216,,651,12,,,0
56019,'1031395',1446,,652,12,,,0
56019,'1031396',1946,,653,12,,,0
56019,'1031404',1616,,654,12,,,0
56019,'1031415',1246,,655,12,,,0
56019,'1031416',1046,,656,12,,,0
56019,'1031419',1116,,657,12,,,0
56019,'1031426',2016,,658,12,,,0
56019,'1031433',1346,,659,12,,,0
56019,'1031449',816,,660,12,,,0
56019,'1031469',1716,,661,12,,,0
56019,'1031476',1116,,662,12,,,0
56019,'1031478',1846,,663,12,,,0
56019,'1031481',1446,,664,12,,,0
56019,'1031515',2046,,665,12,,,0
56019,'1031520',1016,,666,12,,,0
56019,'1031522',1146,,667,12,,,0
56019,'1031528',1616,,668,12,,,0
56019,'1031532',946,,669,12,,,0
56019,'1031539',1646,,670,12,,,0
