61019,'1023602',2207,2,671,12,,,0
61019,'1023604',1035,2,672,5,,,0
61019,'1023607',1135,2,673,5,,,0
61019,'1023608',1505,2,674,5,,,0
61019,'1023609',1535,2,675,5,,,0
61019,'1023612',737,4,676,5,,,0
61019,'1023613',1335,2,677,5,,,0
61019,'1023615',2037,,678,12,,,0
61019,'1023616',1605,2,679,5,,,0
61019,'1023617',707,4,680,5,,,0
61019,'1023618',1805,2,681,5,,,0
61019,'1023622',2137,2,682,12,,,0
61019,'1023625',1305,2,683,5,,,0
61019,'1023627',1837,,684,12,,,0
61019,'1023628',1907,,685,12,,,0
61019,'1023629',935,2,686,5,,,0
61019,'1023630',1435,2,687,5,,,0
61019,'1023631',635,2,688,5,,,0
61019,'1023633',1405,2,689,5,,,0
61019,'1023634',1635,2,690,5,,,0
61019,'1023637',837,4,691,5,,,0
61019,'1023640',2007,,692,12,,,0
61019,'1023642',907,4,693,5,,,0
61019,'1023643',1705,2,694,5,,,0
61019,'1023646',1735,2,695,5,,,0
61019,'1023647',1235,2,696,5,,,0
61019,'1023649',1937,,697,12,,,0
61019,'1023650',1105,2,698,5,,,0
61019,'1023651',1005,2,699,5,,,0
61019,'1023653',805,2,700,5,,,0
61019,'1023654',2107,,701,12,,,0
61019,'1023655',1205,2,702,5,,,0
61019,'1031073',1137,,703,5,,,0
61019,'1031088',1007,,704,5,,,0
61019,'1031106',1537,,705,5,,,0
61019,'1031112',1537,,706,5,,,0
61019,'1031128',937,,707,5,,,0
61019,'1031140',1007,,708,5,,,0
61019,'1031141',1137,,709,5,,,0
61019,'1031143',1337,,710,5,,,0
61019,'1031150',1807,,711,5,,,0
61019,'1031153',1937,,712,5,,,0
61019,'1031155',1337,,713,5,,,0
61019,'1031162',1607,,714,5,,,0
61019,'1031165',1837,,715,5,,,0
61019,'1031173',1307,,716,5,,,0
61019,'1031179',1107,,717,5,,,0
61019,'1031199',1237,,718,5,,,0
61019,'1031206',1307,,719,5,,,0
61019,'1031222',1737,,720,5,,,0
61019,'1031225',907,,721,5,,,0
61019,'1031226',2007,,722,5,,,0
61019,'1031228',1837,,723,5,,,0
61019,'1031252',837,,724,5,,,0
61019,'1031258',837,,725,5,,,0
61019,'1031260',807,,726,5,,,0
61019,'1031277',1707,,727,5,,,0
61019,'1031293',1507,,728,5,,,0
61019,'1031304',1407,,729,5,,,0
61019,'1031313',1107,,730,5,,,0
61019,'1031330',1437,,731,5,,,0
61019,'1031331',2037,,732,5,,,0
61019,'1031335',807,,733,5,,,0
61019,'1031357',1407,,734,5,,,0
61019,'1031359',1807,,735,5,,,0
61019,'1031360',1907,,736,5,,,0
61019,'1031362',1037,,737,5,,,0
61019,'1031375',1507,,738,5,,,0
61019,'1031384',1637,,739,5,,,0
61019,'1031388',1207,,740,5,,,0
61019,'1031391',1907,,741,5,,,0
61019,'1031407',1737,,742,5,,,0
61019,'1031411',1207,,743,5,,,0
61019,'1031414',907,,744,5,,,0
61019,'1031435',1607,,745,5,,,0
61019,'1031457',1637,,746,5,,,0
61019,'1031462',1237,,747,5,,,0
61019,'1031483',937,,748,5,,,0
61019,'1031501',1437,,749,5,,,0
61019,'1031516',1037,,750,5,,,0
61019,'1031526',1707,,751,5,,,0
