21019,'1021456',1048,,211,7,,,0
21019,'1021471',1648,,212,7,,,0
21019,'1021474',1818,,213,7,,,0
21019,'1021550',1018,,214,7,,,0
21019,'1021570',918,,215,7,,,0
21019,'1021573',1448,,216,7,,,0
21019,'1021593',1348,,217,7,,,0
21019,'1021602',1118,,218,7,,,0
21019,'1021624',948,,219,7,,,0
21019,'1021627',748,,220,7,,,0
21019,'1021655',818,,221,7,,,0
21019,'1021727',1548,,222,7,,,0
21019,'1021738',1218,,223,7,,,0
21019,'1021744',848,,224,7,,,0
21019,'1021749',718,,225,7,,,0
21019,'1021766',1618,,226,7,,,0
21019,'1021767',1748,,227,7,,,0
21019,'1021782',1318,,228,7,,,0
21019,'1021819',1248,,229,7,,,0
21019,'1021826',1518,,230,7,,,0
21019,'1021829',1418,,231,7,,,0
21019,'1021844',648,,232,7,,,0
21019,'1021899',1148,,233,7,,,0
21019,'1021900',1718,,234,7,,,0
21019,'1026826',2118,,235,7,,,0
21019,'1026827',1918,,236,7,,,0
21019,'1026835',2148,,237,7,,,0
21019,'1026837',1848,,238,7,,,0
21019,'1026853',2018,,239,7,,,0
21019,'1026855',1948,,240,7,,,0
21019,'1026862',2218,,241,7,,,0
21019,'1026866',2048,,242,7,,,0
21019,'1031071',1818,,243,7,,,0
21019,'1031083',1448,,244,7,,,0
21019,'1031101',1818,,245,7,,,0
21019,'1031108',1648,,246,7,,,0
21019,'1031131',1718,,247,7,,,0
21019,'1031137',1848,,248,7,,,0
21019,'1031145',848,,249,7,,,0
21019,'1031147',1518,,250,7,,,0
21019,'1031161',948,,251,7,,,0
21019,'1031163',1918,,252,7,,,0
21019,'1031195',1618,,253,7,,,0
21019,'1031197',1248,,254,7,,,0
21019,'1031215',918,,255,7,,,0
21019,'1031216',848,,256,7,,,0
21019,'1031218',1518,,257,7,,,0
21019,'1031220',1948,,258,7,,,0
21019,'1031241',1218,,259,7,,,0
21019,'1031247',1648,,260,7,,,0
21019,'1031256',1348,,261,7,,,0
21019,'1031262',2018,,262,7,,,0
21019,'1031266',1848,,263,7,,,0
21019,'1031268',1248,,264,7,,,0
21019,'1031279',1148,,265,7,,,0
21019,'1031281',1018,,266,7,,,0
21019,'1031285',1048,,267,7,,,0
21019,'1031298',1748,,268,7,,,0
21019,'1031311',1718,,269,7,,,0
21019,'1031314',948,,270,7,,,0
21019,'1031315',1548,,271,7,,,0
21019,'1031328',1118,,272,7,,,0
21019,'1031332',818,,273,7,,,0
21019,'1031341',2048,,274,7,,,0
21019,'1031345',1318,,275,7,,,0
21019,'1031349',1448,,276,7,,,0
21019,'1031358',1548,,277,7,,,0
21019,'1031372',1148,,278,7,,,0
21019,'1031382',1418,,279,7,,,0
21019,'1031418',1118,,280,7,,,0
21019,'1031425',1618,,281,7,,,0
21019,'1031432',1318,,282,7,,,0
21019,'1031446',1418,,283,7,,,0
21019,'1031447',1348,,284,7,,,0
21019,'1031451',1018,,285,7,,,0
21019,'1031456',918,,286,7,,,0
21019,'1031460',818,,287,7,,,0
21019,'1031465',1048,,288,7,,,0
21019,'1031508',1748,,289,7,,,0
21019,'1031525',1218,,290,7,,,0
