31029,'1023499',1423,,469,13,0,5 6,0
31029,'1023506',1523,,470,13,0,5 6,0
31029,'1023507',1223,,471,13,0,5 6,0
31029,'1023508',953,,472,13,0,5 6,0
31029,'1023509',753,,473,13,0,5 6,0
31029,'1023511',1453,,474,13,0,5 6,0
31029,'1023513',654,,475,13,0,5 6,0
31029,'1023518',1624,,476,13,0,5 6,0
31029,'1023526',1254,,477,13,0,5 6,0
31029,'1023527',1754,,478,13,0,5 6,0
31029,'1023529',1024,,479,13,0,5 6,0
31029,'1023539',923,,480,13,0,5 6,0
31029,'1023541',853,,481,13,0,5 6,0
31029,'1023542',1323,,482,13,0,5 6,0
31029,'1023546',1124,,483,13,0,5 6,0
31029,'1023552',1724,,484,13,0,5 6,0
31029,'1023556',1824,,485,13,0,5 6,0
31029,'1023557',1553,,486,13,0,5 6,0
31029,'1023564',1154,,487,13,0,5 6,0
31029,'1023565',1054,,488,13,0,5 6,0
31029,'1023567',823,,489,13,0,5 6,0
31029,'1023576',1653,,490,13,0,5 6,0
31029,'1023582',723,,491,13,0,5 6,0
31029,'1023584',1353,,492,13,0,5 6,0
53019,'1024242',1922,,517,24,,,0
53019,'1024246',2052,,518,24,,,0
53019,'1024254',2122,,519,24,,,0
53019,'1024269',2022,,520,24,,,0
53019,'1024272',2152,,521,24,,,0
53019,'1024279',2222,,522,24,,,0
53019,'1024280',1852,,523,24,,,0
53019,'1024313',1952,,524,24,,,0
53019,'1034057',1922,,525,21,,,0
53019,'1034060',752,,526,25,,,0
53019,'1034061',922,,527,21,,,0
53019,'1034064',1122,,528,21,,,0
53019,'1034065',1422,,529,25,,,0
53019,'1034069',1522,,530,21,,,0
53019,'1034070',1552,,531,25,,,0
53019,'1034072',1852,,532,21,,,0
53019,'1034074',952,,533,25,,,0
53019,'1034077',1222,,534,21,,,0
53019,'1034079',1652,,535,25,,,0
53019,'1034082',1752,,536,25,,,0
53019,'1034083',1752,,537,21,,,0
53019,'1034085',1552,,538,21,,,0
53019,'1034087',852,,539,25,,,0
53019,'1034091',852,,540,21,,,0
53019,'1034092',1022,,541,21,,,0
53019,'1034094',1452,,542,21,,,0
53019,'1034095',822,,543,21,,,0
53019,'1034100',1422,,544,21,,,0
53019,'1034102',822,,545,25,,,0
53019,'1034104',1752,,546,21,,,0
53019,'1034105',1422,,547,21,,,0
53019,'1034106',1252,,548,25,,,0
53019,'1034107',1122,,549,21,,,0
53019,'1034108',922,,550,21,,,0
53019,'1034113',1722,,551,21,,,0
53019,'1034115',1152,,552,25,,,0
53019,'1034116',1952,,553,21,,,0
53019,'1034120',1722,,554,25,,,0
53019,'1034121',852,,555,21,,,0
53019,'1034122',722,,556,25,,,0
53019,'1034123',1822,,557,21,,,0
53019,'1034124',1622,,558,25,,,0
53019,'1034126',1652,,559,21,,,0
53019,'1034127',922,,560,25,,,0
53019,'1034128',1352,,561,25,,,0
53019,'1034135',1622,,562,21,,,0
53019,'1034136',1452,,563,21,,,0
53019,'1034139',1252,,564,21,,,0
53019,'1034140',1052,,565,21,,,0
53019,'1034144',822,,566,21,,,0
53019,'1034145',1722,,567,21,,,0
53019,'1034149',1222,,568,21,,,0
53019,'1034150',1152,,569,21,,,0
53019,'1034151',1052,,570,25,,,0
53019,'1034154',1622,,571,21,,,0
53019,'1034155',1322,,572,21,,,0
53019,'1034157',2052,,573,21,,,0
53019,'1034158',1052,,574,21,,,0
53019,'1034161',1022,,575,21,,,0
53019,'1034162',1152,,576,21,,,0
53019,'1034165',1522,,577,25,,,0
53019,'1034168',1222,,578,25,,,0
53019,'1034169',2022,,579,21,,,0
53019,'1034178',1322,,580,25,,,0
53019,'1034179',1552,,581,21,,,0
53019,'1034182',1822,,582,21,,,0
53019,'1034183',952,,583,21,,,0
53019,'1034185',1252,,584,21,,,0
53019,'1034187',952,,585,21,,,0
53019,'1034190',1352,,586,21,,,0
53019,'1034192',1822,,587,25,,,0
53019,'1034193',1352,,588,21,,,0
53019,'1034194',1122,,589,25,,,0
53019,'1034195',1922,,590,21,,,0
53019,'1034196',1022,,591,25,,,0
53019,'1034198',1852,,592,21,,,0
53019,'1034199',1522,,593,21,,,0
53019,'1034200',1322,,594,21,,,0
53019,'1034202',1652,,595,21,,,0
53019,'1034204',1452,,596,25,,,0
53019,'1034205',652,,597,25,,,0
