46019,'1024244',1325,,493,10,,,0
46019,'1024245',825,,494,10,,,0
46019,'1024250',1155,,495,10,,,0
46019,'1024253',1555,,496,10,,,0
46019,'1024263',725,,497,10,,,0
46019,'1024264',1225,,498,10,,,0
46019,'1024266',755,,499,10,,,0
46019,'1024267',1425,,500,10,,,0
46019,'1024268',1625,,501,10,,,0
46019,'1024271',1455,,502,10,,,0
46019,'1024278',1655,,503,10,,,0
46019,'1024282',1125,,504,10,,,0
46019,'1024288',925,,505,10,,,0
46019,'1024289',1725,,506,10,,,0
46019,'1024295',955,,507,10,,,0
46019,'1024296',1755,,508,10,,,0
46019,'1024297',1825,,509,10,,,0
46019,'1024300',1255,,510,10,,,0
46019,'1024301',855,,511,10,,,0
46019,'1024303',1525,,512,10,,,0
46019,'1024304',1055,,513,10,,,0
46019,'1024309',1355,,514,10,,,0
46019,'1024310',655,,515,10,,,0
46019,'1024312',1025,,516,10,,,0
