21019,'1026826',2134,,235,22,,,0
21019,'1026827',1934,,236,22,,,0
21019,'1026835',2204,,237,22,,,0
21019,'1026837',1904,,238,22,,,0
21019,'1026853',2034,,239,22,,,0
21019,'1026855',2004,,240,22,,,0
21019,'1026862',2234,,241,22,,,0
21019,'1026866',2104,,242,22,,,0
21019,'1031101',1834,,245,22,,,0
21019,'1031108',1704,,246,22,,,0
21019,'1031131',1734,,247,22,,,0
21019,'1031147',1534,,250,22,,,0
21019,'1031215',934,,255,22,,,0
21019,'1031216',904,,256,22,,,0
21019,'1031241',1234,,259,22,,,0
21019,'1031256',1404,,261,22,,,0
21019,'1031266',1904,,263,22,,,0
21019,'1031268',1304,,264,22,,,0
21019,'1031281',1034,,266,22,,,0
21019,'1031285',1104,,267,22,,,0
21019,'1031298',1804,,268,22,,,0
21019,'1031314',1004,,270,22,,,0
21019,'1031315',1604,,271,22,,,0
21019,'1031328',1134,,272,22,,,0
21019,'1031332',834,,273,22,,,0
21019,'1031345',1334,,275,22,,,0
21019,'1031349',1504,,276,22,,,0
21019,'1031372',1204,,278,22,,,0
21019,'1031425',1634,,281,22,,,0
21019,'1031446',1434,,283,22,,,0
