53019,'1034060',733,,526,4,,,0
53019,'1034065',1403,,529,4,,,0
53019,'1034070',1533,,531,4,,,0
53019,'1034074',933,,533,4,,,0
53019,'1034079',1633,,535,4,,,0
53019,'1034082',1733,,536,4,,,0
53019,'1034087',833,,539,4,,,0
53019,'1034102',803,,545,4,,,0
53019,'1034106',1233,,548,4,,,0
53019,'1034115',1133,,552,4,,,0
53019,'1034120',1703,,554,4,,,0
53019,'1034122',703,,556,4,,,0
53019,'1034124',1603,,558,4,,,0
53019,'1034127',903,,560,4,,,0
53019,'1034128',1333,,561,4,,,0
53019,'1034151',1033,,570,4,,,0
53019,'1034165',1503,,577,4,,,0
53019,'1034168',1203,,578,4,,,0
53019,'1034178',1303,,580,4,,,0
53019,'1034192',1803,,587,4,,,0
53019,'1034194',1103,,589,4,,,0
53019,'1034196',1003,,591,4,,,0
53019,'1034204',1433,,596,4,,,0
53019,'1034205',633,,597,4,,,0
