21019,'1021456',1055,,211,13,,,0
21019,'1021471',1655,,212,13,,,0
21019,'1021474',1825,,213,13,,,0
21019,'1021550',1025,,214,13,,,0
21019,'1021570',925,,215,13,,,0
21019,'1021573',1455,,216,13,,,0
21019,'1021593',1355,,217,13,,,0
21019,'1021602',1125,,218,13,,,0
21019,'1021624',955,,219,13,,,0
21019,'1021627',755,,220,13,,,0
21019,'1021655',825,,221,13,,,0
21019,'1021727',1555,,222,13,,,0
21019,'1021738',1225,,223,13,,,0
21019,'1021744',855,,224,13,,,0
21019,'1021749',725,,225,13,,,0
21019,'1021766',1625,,226,13,,,0
21019,'1021767',1755,,227,13,,,0
21019,'1021782',1325,,228,13,,,0
21019,'1021819',1255,,229,13,,,0
21019,'1021826',1525,,230,13,,,0
21019,'1021829',1425,,231,13,,,0
21019,'1021844',655,,232,13,,,0
21019,'1021899',1155,,233,13,,,0
21019,'1021900',1725,,234,13,,,0
21019,'1026826',2125,,235,13,,,0
21019,'1026827',1925,,236,13,,,0
21019,'1026835',2155,,237,13,,,0
21019,'1026837',1855,,238,13,,,0
21019,'1026853',2025,,239,13,,,0
21019,'1026855',1955,,240,13,,,0
21019,'1026862',2225,,241,13,,,0
21019,'1026866',2055,,242,13,,,0
21019,'1031071',1825,,243,13,,,0
21019,'1031083',1455,,244,13,,,0
21019,'1031101',1825,,245,13,,,0
21019,'1031108',1655,,246,13,,,0
21019,'1031131',1725,,247,13,,,0
21019,'1031137',1855,,248,13,,,0
21019,'1031145',855,,249,13,,,0
21019,'1031147',1525,,250,13,,,0
21019,'1031161',955,,251,13,,,0
21019,'1031163',1925,,252,13,,,0
21019,'1031195',1625,,253,13,,,0
21019,'1031197',1255,,254,13,,,0
21019,'1031215',925,,255,13,,,0
21019,'1031216',855,,256,13,,,0
21019,'1031218',1525,,257,13,,,0
21019,'1031220',1955,,258,13,,,0
21019,'1031241',1225,,259,13,,,0
21019,'1031247',1655,,260,13,,,0
21019,'1031256',1355,,261,13,,,0
21019,'1031262',2025,,262,13,,,0
21019,'1031266',1855,,263,13,,,0
21019,'1031268',1255,,264,13,,,0
21019,'1031279',1155,,265,13,,,0
21019,'1031281',1025,,266,13,,,0
21019,'1031285',1055,,267,13,,,0
21019,'1031298',1755,,268,13,,,0
21019,'1031311',1725,,269,13,,,0
21019,'1031314',955,,270,13,,,0
21019,'1031315',1555,,271,13,,,0
21019,'1031328',1125,,272,13,,,0
21019,'1031332',825,,273,13,,,0
21019,'1031341',2055,,274,13,,,0
21019,'1031345',1325,,275,13,,,0
21019,'1031349',1455,,276,13,,,0
21019,'1031358',1555,,277,13,,,0
21019,'1031372',1155,,278,13,,,0
21019,'1031382',1425,,279,13,,,0
21019,'1031418',1125,,280,13,,,0
21019,'1031425',1625,,281,13,,,0
21019,'1031432',1325,,282,13,,,0
21019,'1031446',1425,,283,13,,,0
21019,'1031447',1355,,284,13,,,0
21019,'1031451',1025,,285,13,,,0
21019,'1031456',925,,286,13,,,0
21019,'1031460',825,,287,13,,,0
21019,'1031465',1055,,288,13,,,0
21019,'1031508',1755,,289,13,,,0
21019,'1031525',1225,,290,13,,,0
