30019,'1022006',1855,,341,11,,,0
30019,'1022019',1955,,342,11,,,0
30019,'1022024',1925,,343,11,,,0
30019,'1022033',2055,,344,11,,,0
30019,'1022037',2155,,345,11,,,0
30019,'1022062',2225,,346,11,,,0
30019,'1022075',2025,,347,11,,,0
30019,'1022083',2125,,348,11,,,0
30019,'1031077',954,,349,11,,,0
30019,'1031082',1424,,352,11,,,0
30019,'1031084',2024,,353,11,,,0
30019,'1031097',1354,,356,11,,,0
30019,'1031098',1054,,357,11,,,0
30019,'1031109',924,,358,11,,,0
30019,'1031136',1324,,360,11,,,0
30019,'1031151',1224,,361,11,,,0
30019,'1031178',1954,,362,11,,,0
30019,'1031191',2054,,363,11,,,0
30019,'1031234',1854,,365,11,,,0
30019,'1031251',1124,,367,11,,,0
30019,'1031253',854,,368,11,,,0
30019,'1031265',1454,,369,11,,,0
30019,'1031290',1724,,372,11,,,0
30019,'1031297',1824,,374,11,,,0
30019,'1031307',1524,,377,11,,,0
30019,'1031326',1624,,380,11,,,0
30019,'1031338',1554,,381,11,,,0
30019,'1031352',1024,,383,11,,,0
30019,'1031361',824,,384,11,,,0
30019,'1031450',1654,,386,11,,,0
30019,'1031479',1754,,391,11,,,0
30019,'1031507',1154,,394,11,,,0
30019,'1031512',1254,,395,11,,,0
30019,'1031524',1924,,398,11,,,0
30019,'1031758',1124,,401,11,,,0
30019,'1031759',1254,,402,11,,,0
30019,'1031762',854,,405,11,,,0
30019,'1031763',1654,,406,11,,,0
30019,'1031765',954,,408,11,,,0
30019,'1031768',1824,,411,11,,,0
30019,'1031771',924,,414,11,,,0
30019,'1031773',1354,,416,11,,,0
30019,'1031775',1554,,418,11,,,0
30019,'1031776',1854,,419,11,,,0
30019,'1031777',1624,,420,11,,,0
30019,'1031778',824,,421,11,,,0
30019,'1031779',1324,,422,11,,,0
30019,'1031780',1724,,423,11,,,0
30019,'1031781',1524,,424,11,,,0
30019,'1031782',1424,,425,11,,,0
30019,'1031783',1754,,426,11,,,0
30019,'1031786',1154,,429,11,,,0
30019,'1031790',1024,,433,11,,,0
30019,'1031794',1454,,437,11,,,0
30019,'1031795',1054,,438,11,,,0
30019,'1031796',1224,,439,11,,,0
61019,'1023602',2222,,671,27,,,0
61019,'1023604',1052,,672,21,,,0
61019,'1023607',1152,,673,21,,,0
61019,'1023608',1522,,674,21,,,0
61019,'1023609',1552,,675,21,,,0
61019,'1023612',752,,676,21,,,0
61019,'1023613',1352,,677,21,,,0
61019,'1023615',2052,,678,27,,,0
61019,'1023616',1622,,679,21,,,0
61019,'1023617',721,,680,21,,,0
61019,'1023618',1821,,681,21,,,0
61019,'1023622',2152,,682,27,,,0
61019,'1023625',1322,,683,21,,,0
61019,'1023627',1852,,684,27,,,0
61019,'1023628',1922,,685,27,,,0
61019,'1023629',952,,686,21,,,0
61019,'1023630',1452,,687,21,,,0
61019,'1023631',652,,688,21,,,0
61019,'1023633',1422,,689,21,,,0
61019,'1023634',1652,,690,21,,,0
61019,'1023637',851,,691,21,,,0
61019,'1023640',2022,,692,27,,,0
61019,'1023642',922,,693,21,,,0
61019,'1023643',1722,,694,21,,,0
61019,'1023646',1752,,695,21,,,0
61019,'1023647',1252,,696,21,,,0
61019,'1023649',1952,,697,27,,,0
61019,'1023650',1122,,698,21,,,0
61019,'1023651',1022,,699,21,,,0
61019,'1023653',821,,700,21,,,0
61019,'1023654',2122,,701,27,,,0
61019,'1023655',1222,,702,21,,,0
61019,'1031073',1152,,703,21,,,0
61019,'1031088',1022,,704,21,,,0
61019,'1031106',1552,,705,21,,,0
61019,'1031112',1552,,706,21,,,0
61019,'1031128',952,,707,21,,,0
61019,'1031140',1022,,708,21,,,0
61019,'1031141',1152,,709,21,,,0
61019,'1031143',1352,,710,21,,,0
61019,'1031150',1822,,711,21,,,0
61019,'1031153',1952,,712,21,,,0
61019,'1031155',1352,,713,21,,,0
61019,'1031162',1622,,714,21,,,0
61019,'1031165',1852,,715,21,,,0
61019,'1031173',1322,,716,21,,,0
61019,'1031179',1122,,717,21,,,0
61019,'1031199',1252,,718,21,,,0
61019,'1031206',1322,,719,21,,,0
61019,'1031222',1752,,720,21,,,0
61019,'1031225',922,,721,21,,,0
61019,'1031226',2022,,722,21,,,0
61019,'1031228',1852,,723,21,,,0
61019,'1031252',852,,724,21,,,0
61019,'1031258',852,,725,21,,,0
61019,'1031260',822,,726,21,,,0
61019,'1031277',1722,,727,21,,,0
61019,'1031293',1522,,728,21,,,0
61019,'1031304',1422,,729,21,,,0
61019,'1031313',1122,,730,21,,,0
61019,'1031330',1452,,731,21,,,0
61019,'1031331',2052,,732,21,,,0
61019,'1031335',822,,733,21,,,0
61019,'1031357',1422,,734,21,,,0
61019,'1031359',1822,,735,21,,,0
61019,'1031360',1922,,736,21,,,0
61019,'1031362',1052,,737,21,,,0
61019,'1031375',1522,,738,21,,,0
61019,'1031384',1652,,739,21,,,0
61019,'1031388',1222,,740,21,,,0
61019,'1031391',1922,,741,21,,,0
61019,'1031407',1752,,742,21,,,0
61019,'1031411',1222,,743,21,,,0
61019,'1031414',922,,744,21,,,0
61019,'1031435',1622,,745,21,,,0
61019,'1031457',1652,,746,21,,,0
61019,'1031462',1252,,747,21,,,0
61019,'1031483',952,,748,21,,,0
61019,'1031501',1452,,749,21,,,0
61019,'1031516',1052,,750,21,,,0
61019,'1031526',1722,,751,21,,,0
