21019,'1021456',1047,,211,6,,,0
21019,'1021471',1647,,212,6,,,0
21019,'1021474',1817,,213,6,,,0
21019,'1021550',1017,,214,6,,,0
21019,'1021570',917,,215,6,,,0
21019,'1021573',1447,,216,6,,,0
21019,'1021593',1347,,217,6,,,0
21019,'1021602',1117,,218,6,,,0
21019,'1021624',947,,219,6,,,0
21019,'1021627',747,,220,6,,,0
21019,'1021655',817,,221,6,,,0
21019,'1021727',1547,,222,6,,,0
21019,'1021738',1217,,223,6,,,0
21019,'1021744',847,,224,6,,,0
21019,'1021749',717,,225,6,,,0
21019,'1021766',1617,,226,6,,,0
21019,'1021767',1747,,227,6,,,0
21019,'1021782',1317,,228,6,,,0
21019,'1021819',1247,,229,6,,,0
21019,'1021826',1517,,230,6,,,0
21019,'1021829',1417,,231,6,,,0
21019,'1021844',647,,232,6,,,0
21019,'1021899',1147,,233,6,,,0
21019,'1021900',1717,,234,6,,,0
21019,'1026826',2117,,235,6,,,0
21019,'1026827',1917,,236,6,,,0
21019,'1026835',2147,,237,6,,,0
21019,'1026837',1847,,238,6,,,0
21019,'1026853',2017,,239,6,,,0
21019,'1026855',1947,,240,6,,,0
21019,'1026862',2217,,241,6,,,0
21019,'1026866',2047,,242,6,,,0
21019,'1031071',1817,,243,6,,,0
21019,'1031083',1447,,244,6,,,0
21019,'1031101',1817,,245,6,,,0
21019,'1031108',1647,,246,6,,,0
21019,'1031131',1717,,247,6,,,0
21019,'1031137',1847,,248,6,,,0
21019,'1031145',847,,249,6,,,0
21019,'1031147',1517,,250,6,,,0
21019,'1031161',947,,251,6,,,0
21019,'1031163',1917,,252,6,,,0
21019,'1031195',1617,,253,6,,,0
21019,'1031197',1247,,254,6,,,0
21019,'1031215',917,,255,6,,,0
21019,'1031216',847,,256,6,,,0
21019,'1031218',1517,,257,6,,,0
21019,'1031220',1947,,258,6,,,0
21019,'1031241',1217,,259,6,,,0
21019,'1031247',1647,,260,6,,,0
21019,'1031256',1347,,261,6,,,0
21019,'1031262',2017,,262,6,,,0
21019,'1031266',1847,,263,6,,,0
21019,'1031268',1247,,264,6,,,0
21019,'1031279',1147,,265,6,,,0
21019,'1031281',1017,,266,6,,,0
21019,'1031285',1047,,267,6,,,0
21019,'1031298',1747,,268,6,,,0
21019,'1031311',1717,,269,6,,,0
21019,'1031314',947,,270,6,,,0
21019,'1031315',1547,,271,6,,,0
21019,'1031328',1117,,272,6,,,0
21019,'1031332',817,,273,6,,,0
21019,'1031341',2047,,274,6,,,0
21019,'1031345',1317,,275,6,,,0
21019,'1031349',1447,,276,6,,,0
21019,'1031358',1547,,277,6,,,0
21019,'1031372',1147,,278,6,,,0
21019,'1031382',1417,,279,6,,,0
21019,'1031418',1117,,280,6,,,0
21019,'1031425',1617,,281,6,,,0
21019,'1031432',1317,,282,6,,,0
21019,'1031446',1417,,283,6,,,0
21019,'1031447',1347,,284,6,,,0
21019,'1031451',1017,,285,6,,,0
21019,'1031456',917,,286,6,,,0
21019,'1031460',817,,287,6,,,0
21019,'1031465',1047,,288,6,,,0
21019,'1031508',1747,,289,6,,,0
21019,'1031525',1217,,290,6,,,0
