30019,'1022006',1905,,341,25,,,0
30019,'1022019',2005,,342,25,,,0
30019,'1022024',1935,,343,25,,,0
30019,'1022033',2105,,344,25,,,0
30019,'1022037',2205,,345,25,,,0
30019,'1022062',2235,,346,25,,,0
30019,'1022075',2035,,347,25,,,0
30019,'1022083',2135,,348,25,,,0
30019,'1031079',1106,,350,11,,,0
30019,'1031081',836,,351,11,,,0
30019,'1031086',1006,,354,11,,,0
30019,'1031094',1336,,355,11,,,0
30019,'1031133',1806,,359,11,,,0
30019,'1031208',1906,,364,11,,,0
30019,'1031244',1736,,366,11,,,0
30019,'1031280',2036,,370,11,,,0
30019,'1031287',1706,,371,11,,,0
30019,'1031295',1206,,373,11,,,0
30019,'1031299',1536,,375,11,,,0
30019,'1031305',1936,,376,11,,,0
30019,'1031308',2006,,378,11,,,0
30019,'1031322',1836,,379,11,,,0
30019,'1031351',1036,,382,11,,,0
30019,'1031405',1506,,385,11,,,0
30019,'1031453',1436,,387,11,,,0
30019,'1031454',936,,388,11,,,0
30019,'1031463',1406,,389,11,,,0
30019,'1031464',906,,390,11,,,0
30019,'1031484',2106,,392,11,,,0
30019,'1031490',1636,,393,11,,,0
30019,'1031521',1236,,396,11,,,0
30019,'1031523',1136,,397,11,,,0
30019,'1031531',1606,,399,11,,,0
30019,'1031535',1306,,400,11,,,0
30019,'1031760',1336,,403,11,,,0
30019,'1031761',1006,,404,11,,,0
30019,'1031764',1736,,407,11,,,0
30019,'1031766',936,,409,11,,,0
30019,'1031767',1636,,410,11,,,0
30019,'1031769',1806,,412,11,,,0
30019,'1031770',1536,,413,11,,,0
30019,'1031772',1706,,415,11,,,0
30019,'1031774',906,,417,11,,,0
30019,'1031784',836,,427,11,,,0
30019,'1031785',1606,,428,11,,,0
30019,'1031787',1036,,430,11,,,0
30019,'1031788',1136,,431,11,,,0
30019,'1031789',1206,,432,11,,,0
30019,'1031791',1236,,434,11,,,0
30019,'1031792',1906,,435,11,,,0
30019,'1031793',1106,,436,11,,,0
30019,'1031797',1406,,440,11,,,0
30019,'1031798',1836,,441,11,,,0
30019,'1031799',1436,,442,11,,,0
30019,'1031800',1306,,443,11,,,0
30019,'1031801',1506,,444,11,,,0
