11019,'1032754',1418,,81,6,,,0
11019,'1032757',848,,82,6,,,0
11019,'1032758',1318,,83,6,,,0
11019,'1032760',2218,,84,6,,,0
11019,'1032761',2048,,85,6,,,0
11019,'1032765',1748,,86,6,,,0
11019,'1032766',1518,,87,6,,,0
11019,'1032768',1518,,88,6,,,0
11019,'1032771',2018,,89,6,,,0
11019,'1032772',1348,,90,6,,,0
11019,'1032774',848,,91,6,,,0
11019,'1032775',948,,92,6,,,0
11019,'1032776',1818,,93,6,,,0
11019,'1032777',1118,,94,6,,,0
11019,'1032779',1718,,95,6,,,0
11019,'1032780',1448,,96,6,,,0
11019,'1032781',1618,,97,6,,,0
11019,'1032784',1218,,98,6,,,0
11019,'1032785',1818,,99,6,,,0
11019,'1032787',1548,,100,6,,,0
11019,'1032795',1348,,101,6,,,0
11019,'1032796',1148,,102,6,,,0
11019,'1032798',1448,,103,6,,,0
11019,'1032801',1318,,104,6,,,0
11019,'1032803',1018,,105,6,,,0
11019,'1032804',1248,,106,6,,,0
11019,'1032807',1748,,107,6,,,0
11019,'1032809',1948,,108,6,,,0
11019,'1032810',1418,,109,6,,,0
11019,'1032814',1548,,110,6,,,0
11019,'1032816',1948,,111,6,,,0
11019,'1032817',1918,,112,6,,,0
11019,'1032820',848,,113,6,,,0
11019,'1032821',1218,,114,6,,,0
11019,'1032822',918,,115,6,,,0
11019,'1032823',948,,116,6,,,0
11019,'1032824',1018,,117,6,,,0
11019,'1032826',1648,,118,6,,,0
11019,'1032827',1048,,119,6,,,0
11019,'1032828',748,,120,6,,,0
11019,'1032831',1318,,121,6,,,0
11019,'1032834',1018,,122,6,,,0
11019,'1032838',2048,,123,6,,,0
11019,'1032839',1748,,124,6,,,0
11019,'1032841',1918,,125,6,,,0
11019,'1032846',718,,126,6,,,0
11019,'1032848',1848,,127,6,,,0
11019,'1032850',1548,,128,6,,,0
11019,'1032857',1818,,129,6,,,0
11019,'1032858',2018,,130,6,,,0
11019,'1032860',1048,,131,6,,,0
11019,'1032862',1848,,132,6,,,0
11019,'1032865',818,,133,6,,,0
11019,'1032866',918,,134,6,,,0
11019,'1032867',1618,,135,6,,,0
11019,'1032871',1648,,136,6,,,0
11019,'1032872',1418,,137,6,,,0
11019,'1032875',1118,,138,6,,,0
11019,'1032876',1118,,139,6,,,0
11019,'1032881',1848,,140,6,,,0
11019,'1032882',918,,141,6,,,0
11019,'1032883',2118,,142,6,,,0
11019,'1032885',1718,,143,6,,,0
11019,'1032887',1718,,144,6,,,0
11019,'1032890',1618,,145,6,,,0
11019,'1032892',948,,146,6,,,0
11019,'1032894',1248,,147,6,,,0
11019,'1032896',1048,,148,6,,,0
11019,'1032901',1148,,149,6,,,0
11019,'1032904',2148,,150,6,,,0
11019,'1032906',1248,,151,6,,,0
11019,'1032908',818,,152,6,,,0
11019,'1032909',818,,153,6,,,0
11019,'1032911',1348,,154,6,,,0
11019,'1032913',648,,155,6,,,0
11019,'1032917',1218,,156,6,,,0
11019,'1032919',1518,,157,6,,,0
11019,'1032926',1448,,158,6,,,0
11019,'1032928',1148,,159,6,,,0
11019,'1032930',1648,,160,6,,,0
