10019,'1034055',1700,,1,16,,,0
10019,'1034056',1900,,2,16,,,0
10019,'1034058',1800,,3,16,,,0
10019,'1034059',730,,4,16,,,0
10019,'1034062',1530,,5,16,,,0
10019,'1034063',1400,,6,16,,,0
10019,'1034066',1230,,7,16,,,0
10019,'1034067',2100,,8,16,,,0
10019,'1034068',2000,,9,16,,,0
10019,'1034071',1300,,10,16,,,0
10019,'1034073',1830,,11,16,,,0
10019,'1034075',2200,,12,16,,,0
10019,'1034076',930,,13,16,,,0
10019,'1034078',1600,,14,16,,,0
10019,'1034080',1000,,15,16,,,0
10019,'1034081',2130,,16,16,,,0
10019,'1034084',1900,,17,16,,,0
10019,'1034086',1900,,18,16,,,0
10019,'1034088',1800,,19,16,,,0
10019,'1034089',1030,,20,16,,,0
10019,'1034090',1530,,21,16,,,0
10019,'1034093',2030,,22,16,,,0
10019,'1034096',1800,,23,16,,,0
10019,'1034097',1000,,24,16,,,0
10019,'1034098',1730,,25,16,,,0
10019,'1034099',900,,26,16,,,0
10019,'1034101',1430,,27,16,,,0
10019,'1034103',1300,,28,16,,,0
10019,'1034109',2230,,29,16,,,0
10019,'1034110',1030,,30,16,,,0
10019,'1034111',1730,,31,16,,,0
10019,'1034112',1830,,32,16,,,0
10019,'1034114',1500,,33,16,,,0
10019,'1034117',1200,,34,16,,,0
10019,'1034118',1430,,35,16,,,0
10019,'1034119',1530,,36,16,,,0
10019,'1034125',1130,,37,16,,,0
10019,'1034129',900,,38,16,,,0
10019,'1034130',1030,,39,16,,,0
10019,'1034131',1330,,40,16,,,0
10019,'1034132',1430,,41,16,,,0
10019,'1034133',1200,,42,16,,,0
10019,'1034134',1700,,43,16,,,0
10019,'1034137',1630,,44,16,,,0
10019,'1034138',1100,,45,16,,,0
10019,'1034141',1230,,46,16,,,0
10019,'1034142',1230,,47,16,,,0
10019,'1034143',930,,48,16,,,0
10019,'1034146',1400,,49,16,,,0
10019,'1034147',1500,,50,16,,,0
10019,'1034148',1130,,51,16,,,0
10019,'1034152',2000,,52,16,,,0
10019,'1034153',1930,,53,16,,,0
10019,'1034156',831,,54,16,,,0
10019,'1034159',1630,,55,16,,,0
10019,'1034160',831,,56,16,,,0
10019,'1034163',1600,,57,16,,,0
10019,'1034164',1730,,58,16,,,0
10019,'1034166',1830,,59,16,,,0
10019,'1034167',1630,,60,16,,,0
10019,'1034170',1330,,61,16,,,0
10019,'1034171',800,,62,16,,,0
10019,'1034172',1700,,63,16,,,0
10019,'1034173',930,,64,16,,,0
10019,'1034174',1600,,65,16,,,0
10019,'1034175',1330,,66,16,,,0
10019,'1034176',830,,67,16,,,0
10019,'1034177',1200,,68,16,,,0
10019,'1034180',2100,,69,16,,,0
10019,'1034181',1300,,70,16,,,0
10019,'1034184',1000,,71,16,,,0
10019,'1034186',2030,,72,16,,,0
10019,'1034188',1130,,73,16,,,0
10019,'1034189',1400,,74,16,,,0
10019,'1034191',1500,,75,16,,,0
10019,'1034197',1100,,76,16,,,0
10019,'1034201',1100,,77,16,,,0
10019,'1034203',701,,78,16,,,0
10019,'1034206',900,,79,16,,,0
10019,'1034207',1930,,80,16,,,0
