30019,'1022006',1856,,341,13,,,0
30019,'1022019',1956,,342,13,,,0
30019,'1022024',1926,,343,13,,,0
30019,'1022033',2056,,344,13,,,0
30019,'1022037',2156,,345,13,,,0
30019,'1022062',2226,,346,13,,,0
30019,'1022075',2026,,347,13,,,0
30019,'1022083',2126,,348,13,,,0
30019,'1031077',955,,349,13,,,0
30019,'1031082',1425,,352,13,,,0
30019,'1031084',2025,,353,13,,,0
30019,'1031097',1355,,356,13,,,0
30019,'1031098',1055,,357,13,,,0
30019,'1031109',925,,358,13,,,0
30019,'1031136',1325,,360,13,,,0
30019,'1031151',1225,,361,13,,,0
30019,'1031178',1955,,362,13,,,0
30019,'1031191',2055,,363,13,,,0
30019,'1031234',1855,,365,13,,,0
30019,'1031251',1125,,367,13,,,0
30019,'1031253',855,,368,13,,,0
30019,'1031265',1455,,369,13,,,0
30019,'1031290',1725,,372,13,,,0
30019,'1031297',1825,,374,13,,,0
30019,'1031307',1525,,377,13,,,0
30019,'1031326',1625,,380,13,,,0
30019,'1031338',1555,,381,13,,,0
30019,'1031352',1025,,383,13,,,0
30019,'1031361',825,,384,13,,,0
30019,'1031450',1655,,386,13,,,0
30019,'1031479',1755,,391,13,,,0
30019,'1031507',1155,,394,13,,,0
30019,'1031512',1255,,395,13,,,0
30019,'1031524',1925,,398,13,,,0
30019,'1031758',1125,,401,13,,,0
30019,'1031759',1255,,402,13,,,0
30019,'1031762',855,,405,13,,,0
30019,'1031763',1655,,406,13,,,0
30019,'1031765',955,,408,13,,,0
30019,'1031768',1825,,411,13,,,0
30019,'1031771',925,,414,13,,,0
30019,'1031773',1355,,416,13,,,0
30019,'1031775',1555,,418,13,,,0
30019,'1031776',1855,,419,13,,,0
30019,'1031777',1625,,420,13,,,0
30019,'1031778',825,,421,13,,,0
30019,'1031779',1325,,422,13,,,0
30019,'1031780',1725,,423,13,,,0
30019,'1031781',1525,,424,13,,,0
30019,'1031782',1425,,425,13,,,0
30019,'1031783',1755,,426,13,,,0
30019,'1031786',1155,,429,13,,,0
30019,'1031790',1025,,433,13,,,0
30019,'1031794',1455,,437,13,,,0
30019,'1031795',1055,,438,13,,,0
30019,'1031796',1225,,439,13,,,0
31029,'1023499',1424,,469,15,0,5 6,0
31029,'1023506',1524,,470,15,0,5 6,0
31029,'1023507',1224,,471,15,0,5 6,0
31029,'1023508',954,,472,15,0,5 6,0
31029,'1023509',754,,473,15,0,5 6,0
31029,'1023511',1454,,474,15,0,5 6,0
31029,'1023513',655,,475,15,0,5 6,0
31029,'1023518',1625,,476,15,0,5 6,0
31029,'1023526',1255,,477,15,0,5 6,0
31029,'1023527',1755,,478,15,0,5 6,0
31029,'1023529',1025,,479,15,0,5 6,0
31029,'1023539',924,,480,15,0,5 6,0
31029,'1023541',854,,481,15,0,5 6,0
31029,'1023542',1324,,482,15,0,5 6,0
31029,'1023546',1125,,483,15,0,5 6,0
31029,'1023552',1725,,484,15,0,5 6,0
31029,'1023556',1825,,485,15,0,5 6,0
31029,'1023557',1554,,486,15,0,5 6,0
31029,'1023564',1155,,487,15,0,5 6,0
31029,'1023565',1055,,488,15,0,5 6,0
31029,'1023567',824,,489,15,0,5 6,0
31029,'1023576',1654,,490,15,0,5 6,0
31029,'1023582',724,,491,15,0,5 6,0
31029,'1023584',1354,,492,15,0,5 6,0
53019,'1024242',1923,,517,26,,,0
53019,'1024246',2053,,518,26,,,0
53019,'1024254',2123,,519,26,,,0
53019,'1024269',2023,,520,26,,,0
53019,'1024272',2153,,521,26,,,0
53019,'1024279',2223,,522,26,,,0
53019,'1024280',1853,,523,26,,,0
53019,'1024313',1953,,524,26,,,0
53019,'1034057',1923,,525,23,,,0
53019,'1034060',753,,526,27,,,0
53019,'1034061',923,,527,23,,,0
53019,'1034064',1123,,528,23,,,0
53019,'1034065',1423,,529,27,,,0
53019,'1034069',1523,,530,23,,,0
53019,'1034070',1553,,531,27,,,0
53019,'1034072',1853,,532,23,,,0
53019,'1034074',953,,533,27,,,0
53019,'1034077',1223,,534,23,,,0
53019,'1034079',1653,,535,27,,,0
53019,'1034082',1753,,536,27,,,0
53019,'1034083',1753,,537,23,,,0
53019,'1034085',1553,,538,23,,,0
53019,'1034087',853,,539,27,,,0
53019,'1034091',853,,540,23,,,0
53019,'1034092',1023,,541,23,,,0
53019,'1034094',1453,,542,23,,,0
53019,'1034095',823,,543,23,,,0
53019,'1034100',1423,,544,23,,,0
53019,'1034102',823,,545,27,,,0
53019,'1034104',1753,,546,23,,,0
53019,'1034105',1423,,547,23,,,0
53019,'1034106',1253,,548,27,,,0
53019,'1034107',1123,,549,23,,,0
53019,'1034108',923,,550,23,,,0
53019,'1034113',1723,,551,23,,,0
53019,'1034115',1153,,552,27,,,0
53019,'1034116',1953,,553,23,,,0
53019,'1034120',1723,,554,27,,,0
53019,'1034121',853,,555,23,,,0
53019,'1034122',723,,556,27,,,0
53019,'1034123',1823,,557,23,,,0
53019,'1034124',1623,,558,27,,,0
53019,'1034126',1653,,559,23,,,0
53019,'1034127',923,,560,27,,,0
53019,'1034128',1353,,561,27,,,0
53019,'1034135',1623,,562,23,,,0
53019,'1034136',1453,,563,23,,,0
53019,'1034139',1253,,564,23,,,0
53019,'1034140',1053,,565,23,,,0
53019,'1034144',823,,566,23,,,0
53019,'1034145',1723,,567,23,,,0
53019,'1034149',1223,,568,23,,,0
53019,'1034150',1153,,569,23,,,0
53019,'1034151',1053,,570,27,,,0
53019,'1034154',1623,,571,23,,,0
53019,'1034155',1323,,572,23,,,0
53019,'1034157',2053,,573,23,,,0
53019,'1034158',1053,,574,23,,,0
53019,'1034161',1023,,575,23,,,0
53019,'1034162',1153,,576,23,,,0
53019,'1034165',1523,,577,27,,,0
53019,'1034168',1223,,578,27,,,0
53019,'1034169',2023,,579,23,,,0
53019,'1034178',1323,,580,27,,,0
53019,'1034179',1553,,581,23,,,0
53019,'1034182',1823,,582,23,,,0
53019,'1034183',953,,583,23,,,0
53019,'1034185',1253,,584,23,,,0
53019,'1034187',953,,585,23,,,0
53019,'1034190',1353,,586,23,,,0
53019,'1034192',1823,,587,27,,,0
53019,'1034193',1353,,588,23,,,0
53019,'1034194',1123,,589,27,,,0
53019,'1034195',1923,,590,23,,,0
53019,'1034196',1023,,591,27,,,0
53019,'1034198',1853,,592,23,,,0
53019,'1034199',1523,,593,23,,,0
53019,'1034200',1323,,594,23,,,0
53019,'1034202',1653,,595,23,,,0
53019,'1034204',1453,,596,27,,,0
53019,'1034205',653,,597,27,,,0
61019,'1023602',2223,,671,29,,,0
61019,'1023604',1052,,672,23,,,0
61019,'1023607',1153,,673,23,,,0
61019,'1023608',1523,,674,23,,,0
61019,'1023609',1553,,675,23,,,0
61019,'1023612',753,,676,23,,,0
61019,'1023613',1353,,677,23,,,0
61019,'1023615',2053,,678,29,,,0
61019,'1023616',1623,,679,23,,,0
61019,'1023617',723,,680,23,,,0
61019,'1023618',1823,,681,23,,,0
61019,'1023622',2153,,682,29,,,0
61019,'1023625',1323,,683,23,,,0
61019,'1023627',1853,,684,29,,,0
61019,'1023628',1923,,685,29,,,0
61019,'1023629',953,,686,23,,,0
61019,'1023630',1453,,687,23,,,0
61019,'1023631',653,,688,23,,,0
61019,'1023633',1423,,689,23,,,0
61019,'1023634',1653,,690,23,,,0
61019,'1023637',853,,691,23,,,0
61019,'1023640',2023,,692,29,,,0
61019,'1023642',923,,693,23,,,0
61019,'1023643',1723,,694,23,,,0
61019,'1023646',1753,,695,23,,,0
61019,'1023647',1253,,696,23,,,0
61019,'1023649',1953,,697,29,,,0
61019,'1023650',1123,,698,23,,,0
61019,'1023651',1023,,699,23,,,0
61019,'1023653',823,,700,23,,,0
61019,'1023654',2123,,701,29,,,0
61019,'1023655',1223,,702,23,,,0
61019,'1031073',1153,,703,23,,,0
61019,'1031088',1023,,704,23,,,0
61019,'1031106',1553,,705,23,,,0
61019,'1031112',1553,,706,23,,,0
61019,'1031128',953,,707,23,,,0
61019,'1031140',1023,,708,23,,,0
61019,'1031141',1153,,709,23,,,0
61019,'1031143',1353,,710,23,,,0
61019,'1031150',1823,,711,23,,,0
61019,'1031153',1953,,712,23,,,0
61019,'1031155',1353,,713,23,,,0
61019,'1031162',1623,,714,23,,,0
61019,'1031165',1853,,715,23,,,0
61019,'1031173',1323,,716,23,,,0
61019,'1031179',1123,,717,23,,,0
61019,'1031199',1253,,718,23,,,0
61019,'1031206',1323,,719,23,,,0
61019,'1031222',1753,,720,23,,,0
61019,'1031225',923,,721,23,,,0
61019,'1031226',2023,,722,23,,,0
61019,'1031228',1853,,723,23,,,0
61019,'1031252',853,,724,23,,,0
61019,'1031258',853,,725,23,,,0
61019,'1031260',823,,726,23,,,0
61019,'1031277',1723,,727,23,,,0
61019,'1031293',1523,,728,23,,,0
61019,'1031304',1423,,729,23,,,0
61019,'1031313',1123,,730,23,,,0
61019,'1031330',1453,,731,23,,,0
61019,'1031331',2053,,732,23,,,0
61019,'1031335',823,,733,23,,,0
61019,'1031357',1423,,734,23,,,0
61019,'1031359',1823,,735,23,,,0
61019,'1031360',1923,,736,23,,,0
61019,'1031362',1053,,737,23,,,0
61019,'1031375',1523,,738,23,,,0
61019,'1031384',1653,,739,23,,,0
61019,'1031388',1223,,740,23,,,0
61019,'1031391',1923,,741,23,,,0
61019,'1031407',1753,,742,23,,,0
61019,'1031411',1223,,743,23,,,0
61019,'1031414',923,,744,23,,,0
61019,'1031435',1623,,745,23,,,0
61019,'1031457',1653,,746,23,,,0
61019,'1031462',1253,,747,23,,,0
61019,'1031483',953,,748,23,,,0
61019,'1031501',1453,,749,23,,,0
61019,'1031516',1053,,750,23,,,0
61019,'1031526',1723,,751,23,,,0
