11019,'1032754',1438,,81,22,,,0
11019,'1032757',911,,82,22,,,0
11019,'1032758',1341,,83,22,,,0
11019,'1032760',2241,,84,22,,,0
11019,'1032761',2111,,85,22,,,0
11019,'1032765',1811,,86,22,,,0
11019,'1032766',1538,,87,22,,,0
11019,'1032768',1541,,88,22,,,0
11019,'1032771',2041,,89,22,,,0
11019,'1032772',1411,,90,22,,,0
11019,'1032774',908,,91,22,,,0
11019,'1032775',1011,,92,22,,,0
11019,'1032776',1838,,93,22,,,0
11019,'1032777',1141,,94,22,,,0
11019,'1032779',1741,,95,22,,,0
11019,'1032780',1511,,96,22,,,0
11019,'1032781',1641,,97,22,,,0
11019,'1032784',1241,,98,22,,,0
11019,'1032785',1841,,99,22,,,0
11019,'1032787',1611,,100,22,,,0
11019,'1032795',1408,,101,22,,,0
11019,'1032796',1211,,102,22,,,0
11019,'1032798',1508,,103,22,,,0
11019,'1032801',1338,,104,22,,,0
11019,'1032803',1038,,105,22,,,0
11019,'1032804',1311,,106,22,,,0
11019,'1032807',1811,,107,22,,,0
11019,'1032809',2011,,108,22,,,0
11019,'1032810',1441,,109,22,,,0
11019,'1032814',1611,,110,22,,,0
11019,'1032816',2011,,111,22,,,0
11019,'1032817',1941,,112,22,,,0
11019,'1032820',911,,113,22,,,0
11019,'1032821',1241,,114,22,,,0
11019,'1032822',938,,115,22,,,0
11019,'1032823',1008,,116,22,,,0
11019,'1032824',1041,,117,22,,,0
11019,'1032826',1711,,118,22,,,0
11019,'1032827',1108,,119,22,,,0
11019,'1032828',811,,120,22,,,0
11019,'1032831',1341,,121,22,,,0
11019,'1032834',1041,,122,22,,,0
11019,'1032838',2111,,123,22,,,0
11019,'1032839',1808,,124,22,,,0
11019,'1032841',1941,,125,22,,,0
11019,'1032846',741,,126,22,,,0
11019,'1032848',1911,11,127,22,,,0
11019,'1032850',1608,,128,22,,,0
11019,'1032857',1841,,129,22,,,0
11019,'1032858',2041,,130,22,,,0
11019,'1032860',1111,,131,22,,,0
11019,'1032862',1911,11,132,22,,,0
11019,'1032865',841,,133,22,,,0
11019,'1032866',941,,134,22,,,0
11019,'1032867',1641,,135,22,,,0
11019,'1032871',1711,,136,22,,,0
11019,'1032872',1441,,137,22,,,0
11019,'1032875',1138,,138,22,,,0
11019,'1032876',1141,,139,22,,,0
11019,'1032881',1908,,140,22,,,0
11019,'1032882',941,,141,22,,,0
11019,'1032883',2141,,142,22,,,0
11019,'1032885',1738,,143,22,,,0
11019,'1032887',1741,,144,22,,,0
11019,'1032890',1638,,145,22,,,0
11019,'1032892',1011,,146,22,,,0
11019,'1032894',1308,,147,22,,,0
11019,'1032896',1111,,148,22,,,0
11019,'1032901',1208,,149,22,,,0
11019,'1032904',2211,,150,22,,,0
11019,'1032906',1311,,151,22,,,0
11019,'1032908',838,,152,22,,,0
11019,'1032909',841,,153,22,,,0
11019,'1032911',1411,,154,22,,,0
11019,'1032913',711,,155,22,,,0
11019,'1032917',1238,,156,22,,,0
11019,'1032919',1541,,157,22,,,0
11019,'1032926',1511,,158,22,,,0
11019,'1032928',1211,,159,22,,,0
11019,'1032930',1708,,160,22,,,0
