20019,'1026880',1257,,161,14,,,0
20019,'1026881',1527,,162,14,,,0
20019,'1026885',1757,,163,14,,,0
20019,'1026887',1057,,164,14,,,0
20019,'1026888',1457,,165,14,,,0
20019,'1026889',857,,166,14,,,0
20019,'1026891',1627,,167,14,,,0
20019,'1026892',727,,168,14,,,0
20019,'1026899',1157,,169,14,,,0
20019,'1026900',1557,,170,14,,,0
20019,'1026901',1827,,171,14,,,0
20019,'1026903',927,,172,14,,,0
20019,'1026905',1127,,173,14,,,0
20019,'1026906',1227,,174,14,,,0
20019,'1026907',957,,175,14,,,0
20019,'1026909',1727,,176,14,,,0
20019,'1026911',657,,177,14,,,0
20019,'1026912',1657,,178,14,,,0
20019,'1026914',1357,,179,14,,,0
20019,'1026915',757,,180,14,,,0
20019,'1026918',827,,181,14,,,0
20019,'1026919',1427,,182,14,,,0
20019,'1026921',1327,,183,14,,,0
20019,'1026922',1027,,184,14,,,0
20019,'1031076',1157,,185,14,,,0
20019,'1031114',857,,186,14,,,0
20019,'1031117',1657,,187,14,,,0
20019,'1031123',1457,,188,14,,,0
20019,'1031134',1627,,189,14,,,0
20019,'1031180',1427,,190,14,,,0
20019,'1031230',957,,191,14,,,0
20019,'1031240',1757,,192,14,,,0
20019,'1031246',1257,,193,14,,,0
20019,'1031248',1957,,194,14,,,0
20019,'1031270',1227,,195,14,,,0
20019,'1031271',1727,,196,14,,,0
20019,'1031273',1357,,197,14,,,0
20019,'1031309',1127,,198,14,,,0
20019,'1031316',2027,,199,14,,,0
20019,'1031367',927,,200,14,,,0
20019,'1031377',1827,,201,14,,,0
20019,'1031397',1927,,202,14,,,0
20019,'1031410',2057,,203,14,,,0
20019,'1031412',1527,,204,14,,,0
20019,'1031441',1857,,205,14,,,0
20019,'1031442',1327,,206,14,,,0
20019,'1031468',827,,207,14,,,0
20019,'1031488',1557,,208,14,,,0
20019,'1031519',1027,,209,14,,,0
20019,'1031541',1057,,210,14,,,0
