56019,'1023995',915,,598,11,,,0
56019,'1023996',1045,,599,11,,,0
56019,'1024001',815,,600,11,,,0
56019,'1024009',1015,,601,11,,,0
56019,'1024011',1815,,602,11,,,0
56019,'1024012',1115,,603,11,,,0
56019,'1024019',1545,,604,11,,,0
56019,'1024026',1515,,605,11,,,0
56019,'1024027',1745,,606,11,,,0
56019,'1024031',1145,,607,11,,,0
56019,'1024039',1445,,608,11,,,0
56019,'1024041',645,,609,11,,,0
56019,'1024069',845,,610,11,,,0
56019,'1024071',945,,611,11,,,0
56019,'1024080',715,,612,11,,,0
56019,'1024083',1645,,613,11,,,0
56019,'1024089',1615,,614,11,,,0
56019,'1024090',1215,,615,11,,,0
56019,'1024116',1315,,616,11,,,0
56019,'1024120',1245,,617,11,,,0
56019,'1024130',1415,,618,11,,,0
56019,'1024135',1345,,619,11,,,0
56019,'1024139',1715,,620,11,,,0
56019,'1024140',745,,621,11,,,0
56019,'1031091',1745,,622,11,,,0
56019,'1031104',1345,,623,11,,,0
56019,'1031125',1545,,624,11,,,0
56019,'1031129',1245,,625,11,,,0
56019,'1031130',915,,626,11,,,0
56019,'1031138',845,,627,11,,,0
56019,'1031146',945,,628,11,,,0
56019,'1031158',1815,,629,11,,,0
56019,'1031174',1645,,630,11,,,0
56019,'1031176',1715,,631,11,,,0
56019,'1031184',1545,,632,11,,,0
56019,'1031187',915,,633,11,,,0
56019,'1031196',815,,634,11,,,0
56019,'1031201',1515,,635,11,,,0
56019,'1031204',1845,,636,11,,,0
56019,'1031209',1815,,637,11,,,0
56019,'1031212',845,,638,11,,,0
56019,'1031229',1315,,639,11,,,0
56019,'1031235',1215,,640,11,,,0
56019,'1031261',1415,,641,11,,,0
56019,'1031274',1145,,642,11,,,0
56019,'1031319',1515,,643,11,,,0
56019,'1031337',1915,,644,11,,,0
56019,'1031343',1915,,645,11,,,0
56019,'1031348',1415,,646,11,,,0
56019,'1031368',1745,,647,11,,,0
56019,'1031370',1045,,648,11,,,0
56019,'1031373',1315,,649,11,,,0
56019,'1031376',1015,,650,11,,,0
56019,'1031386',1215,,651,11,,,0
56019,'1031395',1445,,652,11,,,0
56019,'1031396',1945,,653,11,,,0
56019,'1031404',1615,,654,11,,,0
56019,'1031415',1245,,655,11,,,0
56019,'1031416',1045,,656,11,,,0
56019,'1031419',1115,,657,11,,,0
56019,'1031426',2015,,658,11,,,0
56019,'1031433',1345,,659,11,,,0
56019,'1031449',815,,660,11,,,0
56019,'1031469',1715,,661,11,,,0
56019,'1031476',1115,,662,11,,,0
56019,'1031478',1845,,663,11,,,0
56019,'1031481',1445,,664,11,,,0
56019,'1031515',2045,,665,11,,,0
56019,'1031520',1015,,666,11,,,0
56019,'1031522',1145,,667,11,,,0
56019,'1031528',1615,,668,11,,,0
56019,'1031532',945,,669,11,,,0
56019,'1031539',1645,,670,11,,,0
61019,'1023602',2205,,671,9,,,0
61019,'1023615',2035,,678,9,,,0
61019,'1023622',2135,,682,9,,,0
61019,'1023627',1835,,684,9,,,0
61019,'1023628',1905,,685,9,,,0
61019,'1023640',2005,,692,9,,,0
61019,'1023649',1935,,697,9,,,0
61019,'1023654',2105,,701,9,,,0
