10019,'1034055',1648,,1,5,,,0
10019,'1034056',1848,,2,5,,,0
10019,'1034058',1748,,3,5,,,0
10019,'1034059',718,,4,5,,,0
10019,'1034062',1518,,5,5,,,0
10019,'1034063',1348,,6,5,,,0
10019,'1034066',1218,,7,5,,,0
10019,'1034067',2048,,8,5,,,0
10019,'1034068',1948,,9,5,,,0
10019,'1034071',1248,,10,5,,,0
10019,'1034073',1818,,11,5,,,0
10019,'1034075',2148,,12,5,,,0
10019,'1034076',918,,13,5,,,0
10019,'1034078',1548,,14,5,,,0
10019,'1034080',948,,15,5,,,0
10019,'1034081',2118,,16,5,,,0
10019,'1034084',1848,,17,5,,,0
10019,'1034086',1848,,18,5,,,0
10019,'1034088',1748,,19,5,,,0
10019,'1034089',1018,,20,5,,,0
10019,'1034090',1518,,21,5,,,0
10019,'1034093',2018,,22,5,,,0
10019,'1034096',1748,,23,5,,,0
10019,'1034097',948,,24,5,,,0
10019,'1034098',1718,,25,5,,,0
10019,'1034099',848,,26,5,,,0
10019,'1034101',1418,,27,5,,,0
10019,'1034103',1248,,28,5,,,0
10019,'1034109',2218,,29,5,,,0
10019,'1034110',1018,,30,5,,,0
10019,'1034111',1718,,31,5,,,0
10019,'1034112',1818,,32,5,,,0
10019,'1034114',1448,,33,5,,,0
10019,'1034117',1148,,34,5,,,0
10019,'1034118',1418,,35,5,,,0
10019,'1034119',1518,,36,5,,,0
10019,'1034125',1118,,37,5,,,0
10019,'1034129',848,,38,5,,,0
10019,'1034130',1018,,39,5,,,0
10019,'1034131',1318,,40,5,,,0
10019,'1034132',1418,,41,5,,,0
10019,'1034133',1148,,42,5,,,0
10019,'1034134',1648,,43,5,,,0
10019,'1034137',1618,,44,5,,,0
10019,'1034138',1048,,45,5,,,0
10019,'1034141',1218,,46,5,,,0
10019,'1034142',1218,,47,5,,,0
10019,'1034143',918,,48,5,,,0
10019,'1034146',1348,,49,5,,,0
10019,'1034147',1448,,50,5,,,0
10019,'1034148',1118,,51,5,,,0
10019,'1034152',1948,,52,5,,,0
10019,'1034153',1918,,53,5,,,0
10019,'1034156',818,,54,5,,,0
10019,'1034159',1618,,55,5,,,0
10019,'1034160',818,,56,5,,,0
10019,'1034163',1548,,57,5,,,0
10019,'1034164',1718,,58,5,,,0
10019,'1034166',1818,,59,5,,,0
10019,'1034167',1618,,60,5,,,0
10019,'1034170',1318,,61,5,,,0
10019,'1034171',748,,62,5,,,0
10019,'1034172',1648,,63,5,,,0
10019,'1034173',918,,64,5,,,0
10019,'1034174',1548,,65,5,,,0
10019,'1034175',1318,,66,5,,,0
10019,'1034176',818,,67,5,,,0
10019,'1034177',1148,,68,5,,,0
10019,'1034180',2048,,69,5,,,0
10019,'1034181',1248,,70,5,,,0
10019,'1034184',948,,71,5,,,0
10019,'1034186',2018,,72,5,,,0
10019,'1034188',1118,,73,5,,,0
10019,'1034189',1348,,74,5,,,0
10019,'1034191',1448,,75,5,,,0
10019,'1034197',1048,,76,5,,,0
10019,'1034201',1048,,77,5,,,0
10019,'1034203',648,,78,5,,,0
10019,'1034206',848,,79,5,,,0
10019,'1034207',1918,,80,5,,,0
