11019,'1032754',1431,,81,13,,,0
11019,'1032757',901,,82,13,,,0
11019,'1032758',1331,,83,13,,,0
11019,'1032760',2231,,84,13,,,0
11019,'1032761',2101,,85,13,,,0
11019,'1032765',1801,,86,13,,,0
11019,'1032766',1531,,87,13,,,0
11019,'1032768',1531,,88,13,,,0
11019,'1032771',2031,,89,13,,,0
11019,'1032772',1401,,90,13,,,0
11019,'1032774',901,,91,13,,,0
11019,'1032775',1001,,92,13,,,0
11019,'1032776',1831,,93,13,,,0
11019,'1032777',1131,,94,13,,,0
11019,'1032779',1731,,95,13,,,0
11019,'1032780',1501,,96,13,,,0
11019,'1032781',1631,,97,13,,,0
11019,'1032784',1231,,98,13,,,0
11019,'1032785',1831,,99,13,,,0
11019,'1032787',1601,,100,13,,,0
11019,'1032795',1401,,101,13,,,0
11019,'1032796',1201,,102,13,,,0
11019,'1032798',1501,,103,13,,,0
11019,'1032801',1331,,104,13,,,0
11019,'1032803',1031,,105,13,,,0
11019,'1032804',1301,,106,13,,,0
11019,'1032807',1801,,107,13,,,0
11019,'1032809',2001,,108,13,,,0
11019,'1032810',1431,,109,13,,,0
11019,'1032814',1601,,110,13,,,0
11019,'1032816',2001,,111,13,,,0
11019,'1032817',1931,,112,13,,,0
11019,'1032820',901,,113,13,,,0
11019,'1032821',1231,,114,13,,,0
11019,'1032822',931,,115,13,,,0
11019,'1032823',1001,,116,13,,,0
11019,'1032824',1031,,117,13,,,0
11019,'1032826',1701,,118,13,,,0
11019,'1032827',1101,,119,13,,,0
11019,'1032828',801,,120,13,,,0
11019,'1032831',1331,,121,13,,,0
11019,'1032834',1031,,122,13,,,0
11019,'1032838',2101,,123,13,,,0
11019,'1032839',1801,,124,13,,,0
11019,'1032841',1931,,125,13,,,0
11019,'1032846',731,,126,13,,,0
11019,'1032848',1900,,127,13,,,0
11019,'1032850',1601,,128,13,,,0
11019,'1032857',1831,,129,13,,,0
11019,'1032858',2031,,130,13,,,0
11019,'1032860',1101,,131,13,,,0
11019,'1032862',1900,,132,13,,,0
11019,'1032865',831,,133,13,,,0
11019,'1032866',931,,134,13,,,0
11019,'1032867',1631,,135,13,,,0
11019,'1032871',1701,,136,13,,,0
11019,'1032872',1431,,137,13,,,0
11019,'1032875',1131,,138,13,,,0
11019,'1032876',1131,,139,13,,,0
11019,'1032881',1901,,140,13,,,0
11019,'1032882',931,,141,13,,,0
11019,'1032883',2131,,142,13,,,0
11019,'1032885',1731,,143,13,,,0
11019,'1032887',1731,,144,13,,,0
11019,'1032890',1631,,145,13,,,0
11019,'1032892',1001,,146,13,,,0
11019,'1032894',1301,,147,13,,,0
11019,'1032896',1101,,148,13,,,0
11019,'1032901',1201,,149,13,,,0
11019,'1032904',2201,,150,13,,,0
11019,'1032906',1301,,151,13,,,0
11019,'1032908',827,,152,13,,,0
11019,'1032909',831,,153,13,,,0
11019,'1032911',1401,,154,13,,,0
11019,'1032913',701,,155,13,,,0
11019,'1032917',1231,,156,13,,,0
11019,'1032919',1531,,157,13,,,0
11019,'1032926',1501,,158,13,,,0
11019,'1032928',1201,,159,13,,,0
11019,'1032930',1701,,160,13,,,0
