11019,'1032754',1435,,81,18,,,0
11019,'1032757',906,,82,18,,,0
11019,'1032758',1336,,83,18,,,0
11019,'1032760',2236,,84,18,,,0
11019,'1032761',2106,,85,18,,,0
11019,'1032765',1806,,86,18,,,0
11019,'1032766',1535,,87,18,,,0
11019,'1032768',1536,,88,18,,,0
11019,'1032771',2036,,89,18,,,0
11019,'1032772',1406,,90,18,,,0
11019,'1032774',905,,91,18,,,0
11019,'1032775',1006,,92,18,,,0
11019,'1032776',1835,,93,18,,,0
11019,'1032777',1136,,94,18,,,0
11019,'1032779',1736,,95,18,,,0
11019,'1032780',1506,,96,18,,,0
11019,'1032781',1636,,97,18,,,0
11019,'1032784',1236,,98,18,,,0
11019,'1032785',1836,,99,18,,,0
11019,'1032787',1606,,100,18,,,0
11019,'1032795',1405,,101,18,,,0
11019,'1032796',1206,,102,18,,,0
11019,'1032798',1505,,103,18,,,0
11019,'1032801',1335,,104,18,,,0
11019,'1032803',1035,,105,18,,,0
11019,'1032804',1306,,106,18,,,0
11019,'1032807',1806,,107,18,,,0
11019,'1032809',2006,,108,18,,,0
11019,'1032810',1436,,109,18,,,0
11019,'1032814',1606,,110,18,,,0
11019,'1032816',2006,,111,18,,,0
11019,'1032817',1936,,112,18,,,0
11019,'1032820',906,,113,18,,,0
11019,'1032821',1236,,114,18,,,0
11019,'1032822',935,,115,18,,,0
11019,'1032823',1005,,116,18,,,0
11019,'1032824',1036,,117,18,,,0
11019,'1032826',1706,,118,18,,,0
11019,'1032827',1105,,119,18,,,0
11019,'1032828',806,,120,18,,,0
11019,'1032831',1336,,121,18,,,0
11019,'1032834',1036,,122,18,,,0
11019,'1032838',2106,,123,18,,,0
11019,'1032839',1805,,124,18,,,0
11019,'1032841',1936,,125,18,,,0
11019,'1032846',736,,126,18,,,0
11019,'1032848',1900,,127,18,,,0
11019,'1032850',1605,,128,18,,,0
11019,'1032857',1836,,129,18,,,0
11019,'1032858',2036,,130,18,,,0
11019,'1032860',1106,,131,18,,,0
11019,'1032862',1900,,132,18,,,0
11019,'1032865',836,,133,18,,,0
11019,'1032866',936,,134,18,,,0
11019,'1032867',1636,,135,18,,,0
11019,'1032871',1706,,136,18,,,0
11019,'1032872',1436,,137,18,,,0
11019,'1032875',1135,,138,18,,,0
11019,'1032876',1136,,139,18,,,0
11019,'1032881',1905,,140,18,,,0
11019,'1032882',936,,141,18,,,0
11019,'1032883',2136,,142,18,,,0
11019,'1032885',1735,,143,18,,,0
11019,'1032887',1736,,144,18,,,0
11019,'1032890',1635,,145,18,,,0
11019,'1032892',1006,,146,18,,,0
11019,'1032894',1305,,147,18,,,0
11019,'1032896',1106,,148,18,,,0
11019,'1032901',1205,,149,18,,,0
11019,'1032904',2206,,150,18,,,0
11019,'1032906',1306,,151,18,,,0
11019,'1032908',833,,152,18,,,0
11019,'1032909',836,,153,18,,,0
11019,'1032911',1406,,154,18,,,0
11019,'1032913',706,,155,18,,,0
11019,'1032917',1235,,156,18,,,0
11019,'1032919',1536,,157,18,,,0
11019,'1032926',1506,,158,18,,,0
11019,'1032928',1206,,159,18,,,0
11019,'1032930',1705,,160,18,,,0
