10019,'1034055',1654,,1,10,,,0
10019,'1034056',1854,,2,10,,,0
10019,'1034058',1754,,3,10,,,0
10019,'1034059',724,,4,10,,,0
10019,'1034062',1524,,5,10,,,0
10019,'1034063',1354,,6,10,,,0
10019,'1034066',1224,,7,10,,,0
10019,'1034067',2054,,8,10,,,0
10019,'1034068',1954,,9,10,,,0
10019,'1034071',1254,,10,10,,,0
10019,'1034073',1824,,11,10,,,0
10019,'1034075',2154,,12,10,,,0
10019,'1034076',924,,13,10,,,0
10019,'1034078',1554,,14,10,,,0
10019,'1034080',954,,15,10,,,0
10019,'1034081',2124,,16,10,,,0
10019,'1034084',1854,,17,10,,,0
10019,'1034086',1854,,18,10,,,0
10019,'1034088',1754,,19,10,,,0
10019,'1034089',1024,,20,10,,,0
10019,'1034090',1524,,21,10,,,0
10019,'1034093',2024,,22,10,,,0
10019,'1034096',1754,,23,10,,,0
10019,'1034097',954,,24,10,,,0
10019,'1034098',1724,,25,10,,,0
10019,'1034099',854,,26,10,,,0
10019,'1034101',1424,,27,10,,,0
10019,'1034103',1254,,28,10,,,0
10019,'1034109',2224,,29,10,,,0
10019,'1034110',1024,,30,10,,,0
10019,'1034111',1724,,31,10,,,0
10019,'1034112',1824,,32,10,,,0
10019,'1034114',1454,,33,10,,,0
10019,'1034117',1154,,34,10,,,0
10019,'1034118',1424,,35,10,,,0
10019,'1034119',1524,,36,10,,,0
10019,'1034125',1124,,37,10,,,0
10019,'1034129',854,,38,10,,,0
10019,'1034130',1024,,39,10,,,0
10019,'1034131',1324,,40,10,,,0
10019,'1034132',1424,,41,10,,,0
10019,'1034133',1154,,42,10,,,0
10019,'1034134',1654,,43,10,,,0
10019,'1034137',1624,,44,10,,,0
10019,'1034138',1054,,45,10,,,0
10019,'1034141',1224,,46,10,,,0
10019,'1034142',1224,,47,10,,,0
10019,'1034143',924,,48,10,,,0
10019,'1034146',1354,,49,10,,,0
10019,'1034147',1454,,50,10,,,0
10019,'1034148',1124,,51,10,,,0
10019,'1034152',1954,,52,10,,,0
10019,'1034153',1924,,53,10,,,0
10019,'1034156',824,,54,10,,,0
10019,'1034159',1624,,55,10,,,0
10019,'1034160',824,,56,10,,,0
10019,'1034163',1554,,57,10,,,0
10019,'1034164',1724,,58,10,,,0
10019,'1034166',1824,,59,10,,,0
10019,'1034167',1624,,60,10,,,0
10019,'1034170',1324,,61,10,,,0
10019,'1034171',754,,62,10,,,0
10019,'1034172',1654,,63,10,,,0
10019,'1034173',924,,64,10,,,0
10019,'1034174',1554,,65,10,,,0
10019,'1034175',1324,,66,10,,,0
10019,'1034176',824,,67,10,,,0
10019,'1034177',1154,,68,10,,,0
10019,'1034180',2054,,69,10,,,0
10019,'1034181',1254,,70,10,,,0
10019,'1034184',954,,71,10,,,0
10019,'1034186',2024,,72,10,,,0
10019,'1034188',1124,,73,10,,,0
10019,'1034189',1354,,74,10,,,0
10019,'1034191',1454,,75,10,,,0
10019,'1034197',1054,,76,10,,,0
10019,'1034201',1054,,77,10,,,0
10019,'1034203',654,,78,10,,,0
10019,'1034206',854,,79,10,,,0
10019,'1034207',1924,,80,10,,,0
