46019,'1024244',1323,,493,8,,,0
46019,'1024245',823,,494,8,,,0
46019,'1024250',1153,,495,8,,,0
46019,'1024253',1553,,496,8,,,0
46019,'1024263',723,,497,8,,,0
46019,'1024264',1223,,498,8,,,0
46019,'1024266',753,,499,8,,,0
46019,'1024267',1423,,500,8,,,0
46019,'1024268',1623,,501,8,,,0
46019,'1024271',1453,,502,8,,,0
46019,'1024278',1653,,503,8,,,0
46019,'1024282',1123,,504,8,,,0
46019,'1024288',923,,505,8,,,0
46019,'1024289',1723,,506,8,,,0
46019,'1024295',953,,507,8,,,0
46019,'1024296',1753,,508,8,,,0
46019,'1024297',1823,,509,8,,,0
46019,'1024300',1253,,510,8,,,0
46019,'1024301',853,,511,8,,,0
46019,'1024303',1523,,512,8,,,0
46019,'1024304',1053,,513,8,,,0
46019,'1024309',1353,,514,8,,,0
46019,'1024310',653,,515,8,,,0
46019,'1024312',1023,,516,8,,,0
