10019,'1034055',1652,,1,8,,,0
10019,'1034056',1852,,2,8,,,0
10019,'1034058',1752,,3,8,,,0
10019,'1034059',722,,4,8,,,0
10019,'1034062',1522,,5,8,,,0
10019,'1034063',1352,,6,8,,,0
10019,'1034066',1222,,7,8,,,0
10019,'1034067',2052,,8,8,,,0
10019,'1034068',1952,,9,8,,,0
10019,'1034071',1252,,10,8,,,0
10019,'1034073',1822,,11,8,,,0
10019,'1034075',2152,,12,8,,,0
10019,'1034076',922,,13,8,,,0
10019,'1034078',1552,,14,8,,,0
10019,'1034080',952,,15,8,,,0
10019,'1034081',2122,,16,8,,,0
10019,'1034084',1852,,17,8,,,0
10019,'1034086',1852,,18,8,,,0
10019,'1034088',1752,,19,8,,,0
10019,'1034089',1022,,20,8,,,0
10019,'1034090',1522,,21,8,,,0
10019,'1034093',2022,,22,8,,,0
10019,'1034096',1752,,23,8,,,0
10019,'1034097',952,,24,8,,,0
10019,'1034098',1722,,25,8,,,0
10019,'1034099',852,,26,8,,,0
10019,'1034101',1422,,27,8,,,0
10019,'1034103',1252,,28,8,,,0
10019,'1034109',2222,,29,8,,,0
10019,'1034110',1022,,30,8,,,0
10019,'1034111',1722,,31,8,,,0
10019,'1034112',1822,,32,8,,,0
10019,'1034114',1452,,33,8,,,0
10019,'1034117',1152,,34,8,,,0
10019,'1034118',1422,,35,8,,,0
10019,'1034119',1522,,36,8,,,0
10019,'1034125',1122,,37,8,,,0
10019,'1034129',852,,38,8,,,0
10019,'1034130',1022,,39,8,,,0
10019,'1034131',1322,,40,8,,,0
10019,'1034132',1422,,41,8,,,0
10019,'1034133',1152,,42,8,,,0
10019,'1034134',1652,,43,8,,,0
10019,'1034137',1622,,44,8,,,0
10019,'1034138',1052,,45,8,,,0
10019,'1034141',1222,,46,8,,,0
10019,'1034142',1222,,47,8,,,0
10019,'1034143',922,,48,8,,,0
10019,'1034146',1352,,49,8,,,0
10019,'1034147',1452,,50,8,,,0
10019,'1034148',1122,,51,8,,,0
10019,'1034152',1952,,52,8,,,0
10019,'1034153',1922,,53,8,,,0
10019,'1034156',822,,54,8,,,0
10019,'1034159',1622,,55,8,,,0
10019,'1034160',822,,56,8,,,0
10019,'1034163',1552,,57,8,,,0
10019,'1034164',1722,,58,8,,,0
10019,'1034166',1822,,59,8,,,0
10019,'1034167',1622,,60,8,,,0
10019,'1034170',1322,,61,8,,,0
10019,'1034171',752,,62,8,,,0
10019,'1034172',1652,,63,8,,,0
10019,'1034173',922,,64,8,,,0
10019,'1034174',1552,,65,8,,,0
10019,'1034175',1322,,66,8,,,0
10019,'1034176',822,,67,8,,,0
10019,'1034177',1152,,68,8,,,0
10019,'1034180',2052,,69,8,,,0
10019,'1034181',1252,,70,8,,,0
10019,'1034184',952,,71,8,,,0
10019,'1034186',2022,,72,8,,,0
10019,'1034188',1122,,73,8,,,0
10019,'1034189',1352,,74,8,,,0
10019,'1034191',1452,,75,8,,,0
10019,'1034197',1052,,76,8,,,0
10019,'1034201',1052,,77,8,,,0
10019,'1034203',652,,78,8,,,0
10019,'1034206',852,,79,8,,,0
10019,'1034207',1922,,80,8,,,0
