10019,'1034055',1655,,1,12,,,0
10019,'1034056',1855,,2,12,,,0
10019,'1034058',1755,,3,12,,,0
10019,'1034059',725,,4,12,,,0
10019,'1034062',1525,,5,12,,,0
10019,'1034063',1355,,6,12,,,0
10019,'1034066',1225,,7,12,,,0
10019,'1034067',2055,,8,12,,,0
10019,'1034068',1955,,9,12,,,0
10019,'1034071',1255,,10,12,,,0
10019,'1034073',1825,,11,12,,,0
10019,'1034075',2155,,12,12,,,0
10019,'1034076',925,,13,12,,,0
10019,'1034078',1555,,14,12,,,0
10019,'1034080',955,,15,12,,,0
10019,'1034081',2125,,16,12,,,0
10019,'1034084',1855,,17,12,,,0
10019,'1034086',1855,,18,12,,,0
10019,'1034088',1755,,19,12,,,0
10019,'1034089',1025,,20,12,,,0
10019,'1034090',1525,,21,12,,,0
10019,'1034093',2025,,22,12,,,0
10019,'1034096',1755,,23,12,,,0
10019,'1034097',955,,24,12,,,0
10019,'1034098',1725,,25,12,,,0
10019,'1034099',855,,26,12,,,0
10019,'1034101',1425,,27,12,,,0
10019,'1034103',1255,,28,12,,,0
10019,'1034109',2225,,29,12,,,0
10019,'1034110',1025,,30,12,,,0
10019,'1034111',1725,,31,12,,,0
10019,'1034112',1825,,32,12,,,0
10019,'1034114',1455,,33,12,,,0
10019,'1034117',1155,,34,12,,,0
10019,'1034118',1425,,35,12,,,0
10019,'1034119',1525,,36,12,,,0
10019,'1034125',1125,,37,12,,,0
10019,'1034129',855,,38,12,,,0
10019,'1034130',1025,,39,12,,,0
10019,'1034131',1325,,40,12,,,0
10019,'1034132',1425,,41,12,,,0
10019,'1034133',1155,,42,12,,,0
10019,'1034134',1655,,43,12,,,0
10019,'1034137',1625,,44,12,,,0
10019,'1034138',1055,,45,12,,,0
10019,'1034141',1225,,46,12,,,0
10019,'1034142',1225,,47,12,,,0
10019,'1034143',925,,48,12,,,0
10019,'1034146',1355,,49,12,,,0
10019,'1034147',1455,,50,12,,,0
10019,'1034148',1125,,51,12,,,0
10019,'1034152',1955,,52,12,,,0
10019,'1034153',1925,,53,12,,,0
10019,'1034156',825,,54,12,,,0
10019,'1034159',1625,,55,12,,,0
10019,'1034160',825,,56,12,,,0
10019,'1034163',1555,,57,12,,,0
10019,'1034164',1725,,58,12,,,0
10019,'1034166',1825,,59,12,,,0
10019,'1034167',1625,,60,12,,,0
10019,'1034170',1325,,61,12,,,0
10019,'1034171',755,,62,12,,,0
10019,'1034172',1655,,63,12,,,0
10019,'1034173',925,,64,12,,,0
10019,'1034174',1555,,65,12,,,0
10019,'1034175',1325,,66,12,,,0
10019,'1034176',825,,67,12,,,0
10019,'1034177',1155,,68,12,,,0
10019,'1034180',2055,,69,12,,,0
10019,'1034181',1255,,70,12,,,0
10019,'1034184',955,,71,12,,,0
10019,'1034186',2025,,72,12,,,0
10019,'1034188',1125,,73,12,,,0
10019,'1034189',1355,,74,12,,,0
10019,'1034191',1455,,75,12,,,0
10019,'1034197',1055,,76,12,,,0
10019,'1034201',1055,,77,12,,,0
10019,'1034203',655,,78,12,,,0
10019,'1034206',855,,79,12,,,0
10019,'1034207',1925,,80,12,,,0
