30019,'1022006',1852,,341,8,,,0
30019,'1022019',1952,,342,8,,,0
30019,'1022024',1922,,343,8,,,0
30019,'1022033',2052,,344,8,,,0
30019,'1022037',2152,,345,8,,,0
30019,'1022062',2222,,346,8,,,0
30019,'1022075',2022,,347,8,,,0
30019,'1022083',2122,,348,8,,,0
30019,'1031077',952,,349,8,,,0
30019,'1031082',1422,,352,8,,,0
30019,'1031084',2022,,353,8,,,0
30019,'1031097',1352,,356,8,,,0
30019,'1031098',1052,,357,8,,,0
30019,'1031109',922,,358,8,,,0
30019,'1031136',1322,,360,8,,,0
30019,'1031151',1222,,361,8,,,0
30019,'1031178',1952,,362,8,,,0
30019,'1031191',2052,,363,8,,,0
30019,'1031234',1852,,365,8,,,0
30019,'1031251',1122,,367,8,,,0
30019,'1031253',852,,368,8,,,0
30019,'1031265',1452,,369,8,,,0
30019,'1031290',1722,,372,8,,,0
30019,'1031297',1822,,374,8,,,0
30019,'1031307',1522,,377,8,,,0
30019,'1031326',1622,,380,8,,,0
30019,'1031338',1552,,381,8,,,0
30019,'1031352',1022,,383,8,,,0
30019,'1031361',822,,384,8,,,0
30019,'1031450',1652,,386,8,,,0
30019,'1031479',1752,,391,8,,,0
30019,'1031507',1152,,394,8,,,0
30019,'1031512',1252,,395,8,,,0
30019,'1031524',1922,,398,8,,,0
30019,'1031758',1122,,401,8,,,0
30019,'1031759',1252,,402,8,,,0
30019,'1031762',852,,405,8,,,0
30019,'1031763',1652,,406,8,,,0
30019,'1031765',952,,408,8,,,0
30019,'1031768',1822,,411,8,,,0
30019,'1031771',922,,414,8,,,0
30019,'1031773',1352,,416,8,,,0
30019,'1031775',1552,,418,8,,,0
30019,'1031776',1852,,419,8,,,0
30019,'1031777',1622,,420,8,,,0
30019,'1031778',822,,421,8,,,0
30019,'1031779',1322,,422,8,,,0
30019,'1031780',1722,,423,8,,,0
30019,'1031781',1522,,424,8,,,0
30019,'1031782',1422,,425,8,,,0
30019,'1031783',1752,,426,8,,,0
30019,'1031786',1152,,429,8,,,0
30019,'1031790',1022,,433,8,,,0
30019,'1031794',1452,,437,8,,,0
30019,'1031795',1052,,438,8,,,0
30019,'1031796',1222,,439,8,,,0
61019,'1023602',2218,,671,24,,,0
61019,'1023604',1048,,672,18,,,0
61019,'1023607',1148,,673,18,,,0
61019,'1023608',1518,,674,18,,,0
61019,'1023609',1548,,675,18,,,0
61019,'1023612',750,,676,18,,,0
61019,'1023613',1348,,677,18,,,0
61019,'1023615',2048,,678,24,,,0
61019,'1023616',1618,,679,18,,,0
61019,'1023617',718,,680,18,,,0
61019,'1023618',1818,,681,18,,,0
61019,'1023622',2148,,682,24,,,0
61019,'1023625',1318,,683,18,,,0
61019,'1023627',1848,,684,24,,,0
61019,'1023628',1918,,685,24,,,0
61019,'1023629',948,,686,18,,,0
61019,'1023630',1448,,687,18,,,0
61019,'1023631',650,,688,18,,,0
61019,'1023633',1418,,689,18,,,0
61019,'1023634',1648,,690,18,,,0
61019,'1023637',848,,691,18,,,0
61019,'1023640',2018,,692,24,,,0
61019,'1023642',918,,693,18,,,0
61019,'1023643',1718,,694,18,,,0
61019,'1023646',1750,,695,18,,,0
61019,'1023647',1248,,696,18,,,0
61019,'1023649',1948,,697,24,,,0
61019,'1023650',1120,,698,18,,,0
61019,'1023651',1018,,699,18,,,0
61019,'1023653',818,,700,18,,,0
61019,'1023654',2118,,701,24,,,0
61019,'1023655',1218,,702,18,,,0
61019,'1031073',1148,,703,18,,,0
61019,'1031088',1018,,704,18,,,0
61019,'1031106',1548,,705,18,,,0
61019,'1031112',1548,,706,18,,,0
61019,'1031128',948,,707,18,,,0
61019,'1031140',1018,,708,18,,,0
61019,'1031141',1148,,709,18,,,0
61019,'1031143',1348,,710,18,,,0
61019,'1031150',1818,,711,18,,,0
61019,'1031153',1948,,712,18,,,0
61019,'1031155',1348,,713,18,,,0
61019,'1031162',1618,,714,18,,,0
61019,'1031165',1848,,715,18,,,0
61019,'1031173',1318,,716,18,,,0
61019,'1031179',1118,,717,18,,,0
61019,'1031199',1248,,718,18,,,0
61019,'1031206',1318,,719,18,,,0
61019,'1031222',1748,,720,18,,,0
61019,'1031225',918,,721,18,,,0
61019,'1031226',2018,,722,18,,,0
61019,'1031228',1848,,723,18,,,0
61019,'1031252',848,,724,18,,,0
61019,'1031258',848,,725,18,,,0
61019,'1031260',818,,726,18,,,0
61019,'1031277',1718,,727,18,,,0
61019,'1031293',1518,,728,18,,,0
61019,'1031304',1418,,729,18,,,0
61019,'1031313',1118,,730,18,,,0
61019,'1031330',1448,,731,18,,,0
61019,'1031331',2048,,732,18,,,0
61019,'1031335',818,,733,18,,,0
61019,'1031357',1418,,734,18,,,0
61019,'1031359',1818,,735,18,,,0
61019,'1031360',1918,,736,18,,,0
61019,'1031362',1048,,737,18,,,0
61019,'1031375',1518,,738,18,,,0
61019,'1031384',1648,,739,18,,,0
61019,'1031388',1218,,740,18,,,0
61019,'1031391',1918,,741,18,,,0
61019,'1031407',1748,,742,18,,,0
61019,'1031411',1218,,743,18,,,0
61019,'1031414',918,,744,18,,,0
61019,'1031435',1618,,745,18,,,0
61019,'1031457',1648,,746,18,,,0
61019,'1031462',1248,,747,18,,,0
61019,'1031483',948,,748,18,,,0
61019,'1031501',1448,,749,18,,,0
61019,'1031516',1048,,750,18,,,0
61019,'1031526',1718,,751,18,,,0
