61019,'1023602',2201,,671,3,,,0
61019,'1023604',1031,,672,3,,,0
61019,'1023607',1131,,673,3,,,0
61019,'1023608',1501,,674,3,,,0
61019,'1023609',1531,,675,3,,,0
61019,'1023612',731,,676,3,,,0
61019,'1023613',1331,,677,3,,,0
61019,'1023615',2031,,678,3,,,0
61019,'1023616',1601,,679,3,,,0
61019,'1023617',701,,680,3,,,0
61019,'1023618',1801,,681,3,,,0
61019,'1023622',2131,,682,3,,,0
61019,'1023625',1301,,683,3,,,0
61019,'1023627',1831,,684,3,,,0
61019,'1023628',1901,,685,3,,,0
61019,'1023629',931,,686,3,,,0
61019,'1023630',1431,,687,3,,,0
61019,'1023631',631,,688,3,,,0
61019,'1023633',1401,,689,3,,,0
61019,'1023634',1631,,690,3,,,0
61019,'1023637',831,,691,3,,,0
61019,'1023640',2001,,692,3,,,0
61019,'1023642',901,,693,3,,,0
61019,'1023643',1701,,694,3,,,0
61019,'1023646',1731,,695,3,,,0
61019,'1023647',1231,,696,3,,,0
61019,'1023649',1931,,697,3,,,0
61019,'1023650',1101,,698,3,,,0
61019,'1023651',1001,,699,3,,,0
61019,'1023653',801,,700,3,,,0
61019,'1023654',2101,,701,3,,,0
61019,'1023655',1201,,702,3,,,0
61019,'1031073',1133,,703,3,,,0
61019,'1031088',1003,,704,3,,,0
61019,'1031106',1533,,705,3,,,0
61019,'1031112',1533,,706,3,,,0
61019,'1031128',933,,707,3,,,0
61019,'1031140',1003,,708,3,,,0
61019,'1031141',1133,,709,3,,,0
61019,'1031143',1333,,710,3,,,0
61019,'1031150',1803,,711,3,,,0
61019,'1031153',1933,,712,3,,,0
61019,'1031155',1333,,713,3,,,0
61019,'1031162',1603,,714,3,,,0
61019,'1031165',1833,,715,3,,,0
61019,'1031173',1303,,716,3,,,0
61019,'1031179',1103,,717,3,,,0
61019,'1031199',1233,,718,3,,,0
61019,'1031206',1303,,719,3,,,0
61019,'1031222',1733,,720,3,,,0
61019,'1031225',903,,721,3,,,0
61019,'1031226',2003,,722,3,,,0
61019,'1031228',1833,,723,3,,,0
61019,'1031252',833,,724,3,,,0
61019,'1031258',833,,725,3,,,0
61019,'1031260',803,,726,3,,,0
61019,'1031277',1703,,727,3,,,0
61019,'1031293',1503,,728,3,,,0
61019,'1031304',1403,,729,3,,,0
61019,'1031313',1103,,730,3,,,0
61019,'1031330',1433,,731,3,,,0
61019,'1031331',2033,,732,3,,,0
61019,'1031335',803,,733,3,,,0
61019,'1031357',1403,,734,3,,,0
61019,'1031359',1803,,735,3,,,0
61019,'1031360',1903,,736,3,,,0
61019,'1031362',1033,,737,3,,,0
61019,'1031375',1503,,738,3,,,0
61019,'1031384',1633,,739,3,,,0
61019,'1031388',1203,,740,3,,,0
61019,'1031391',1903,,741,3,,,0
61019,'1031407',1733,,742,3,,,0
61019,'1031411',1203,,743,3,,,0
61019,'1031414',903,,744,3,,,0
61019,'1031435',1603,,745,3,,,0
61019,'1031457',1633,,746,3,,,0
61019,'1031462',1233,,747,3,,,0
61019,'1031483',933,,748,3,,,0
61019,'1031501',1433,,749,3,,,0
61019,'1031516',1033,,750,3,,,0
61019,'1031526',1703,,751,3,,,0
