61019,'1023602',2216,,671,21,,,0
61019,'1023604',1046,,672,15,,,0
61019,'1023607',1146,,673,15,,,0
61019,'1023608',1516,,674,15,,,0
61019,'1023609',1546,,675,15,,,0
61019,'1023612',747,,676,15,,,0
61019,'1023613',1346,,677,15,,,0
61019,'1023615',2046,,678,21,,,0
61019,'1023616',1616,,679,15,,,0
61019,'1023617',716,,680,15,,,0
61019,'1023618',1816,,681,15,,,0
61019,'1023622',2146,,682,21,,,0
61019,'1023625',1316,,683,15,,,0
61019,'1023627',1846,,684,21,,,0
61019,'1023628',1916,,685,21,,,0
61019,'1023629',946,,686,15,,,0
61019,'1023630',1446,,687,15,,,0
61019,'1023631',647,,688,15,,,0
61019,'1023633',1416,,689,15,,,0
61019,'1023634',1646,,690,15,,,0
61019,'1023637',846,,691,15,,,0
61019,'1023640',2016,,692,21,,,0
61019,'1023642',916,,693,15,,,0
61019,'1023643',1716,,694,15,,,0
61019,'1023646',1747,,695,15,,,0
61019,'1023647',1246,,696,15,,,0
61019,'1023649',1946,,697,21,,,0
61019,'1023650',1117,,698,15,,,0
61019,'1023651',1016,,699,15,,,0
61019,'1023653',816,,700,15,,,0
61019,'1023654',2116,,701,21,,,0
61019,'1023655',1216,,702,15,,,0
61019,'1031073',1146,,703,15,,,0
61019,'1031088',1016,,704,15,,,0
61019,'1031106',1546,,705,15,,,0
61019,'1031112',1546,,706,15,,,0
61019,'1031128',946,,707,15,,,0
61019,'1031140',1016,,708,15,,,0
61019,'1031141',1146,,709,15,,,0
61019,'1031143',1346,,710,15,,,0
61019,'1031150',1816,,711,15,,,0
61019,'1031153',1946,,712,15,,,0
61019,'1031155',1346,,713,15,,,0
61019,'1031162',1616,,714,15,,,0
61019,'1031165',1846,,715,15,,,0
61019,'1031173',1316,,716,15,,,0
61019,'1031179',1116,,717,15,,,0
61019,'1031199',1246,,718,15,,,0
61019,'1031206',1316,,719,15,,,0
61019,'1031222',1746,,720,15,,,0
61019,'1031225',916,,721,15,,,0
61019,'1031226',2016,,722,15,,,0
61019,'1031228',1846,,723,15,,,0
61019,'1031252',846,,724,15,,,0
61019,'1031258',846,,725,15,,,0
61019,'1031260',816,,726,15,,,0
61019,'1031277',1716,,727,15,,,0
61019,'1031293',1516,,728,15,,,0
61019,'1031304',1416,,729,15,,,0
61019,'1031313',1116,,730,15,,,0
61019,'1031330',1446,,731,15,,,0
61019,'1031331',2046,,732,15,,,0
61019,'1031335',816,,733,15,,,0
61019,'1031357',1416,,734,15,,,0
61019,'1031359',1816,,735,15,,,0
61019,'1031360',1916,,736,15,,,0
61019,'1031362',1046,,737,15,,,0
61019,'1031375',1516,,738,15,,,0
61019,'1031384',1646,,739,15,,,0
61019,'1031388',1216,,740,15,,,0
61019,'1031391',1916,,741,15,,,0
61019,'1031407',1746,,742,15,,,0
61019,'1031411',1216,,743,15,,,0
61019,'1031414',916,,744,15,,,0
61019,'1031435',1616,,745,15,,,0
61019,'1031457',1646,,746,15,,,0
61019,'1031462',1246,,747,15,,,0
61019,'1031483',946,,748,15,,,0
61019,'1031501',1446,,749,15,,,0
61019,'1031516',1046,,750,15,,,0
61019,'1031526',1716,,751,15,,,0
