10,10019,'1034055',1
10,10019,'1034056',2
10,10019,'1034058',3
10,10019,'1034059',4
10,10019,'1034062',5
10,10019,'1034063',6
10,10019,'1034066',7
10,10019,'1034067',8
10,10019,'1034068',9
10,10019,'1034071',10
10,10019,'1034073',11
10,10019,'1034075',12
10,10019,'1034076',13
10,10019,'1034078',14
10,10019,'1034080',15
10,10019,'1034081',16
10,10019,'1034084',17
10,10019,'1034086',18
10,10019,'1034088',19
10,10019,'1034089',20
10,10019,'1034090',21
10,10019,'1034093',22
10,10019,'1034096',23
10,10019,'1034097',24
10,10019,'1034098',25
10,10019,'1034099',26
10,10019,'1034101',27
10,10019,'1034103',28
10,10019,'1034109',29
10,10019,'1034110',30
10,10019,'1034111',31
10,10019,'1034112',32
10,10019,'1034114',33
10,10019,'1034117',34
10,10019,'1034118',35
10,10019,'1034119',36
10,10019,'1034125',37
10,10019,'1034129',38
10,10019,'1034130',39
10,10019,'1034131',40
10,10019,'1034132',41
10,10019,'1034133',42
10,10019,'1034134',43
10,10019,'1034137',44
10,10019,'1034138',45
10,10019,'1034141',46
10,10019,'1034142',47
10,10019,'1034143',48
10,10019,'1034146',49
10,10019,'1034147',50
10,10019,'1034148',51
10,10019,'1034152',52
10,10019,'1034153',53
10,10019,'1034156',54
10,10019,'1034159',55
10,10019,'1034160',56
10,10019,'1034163',57
10,10019,'1034164',58
10,10019,'1034166',59
10,10019,'1034167',60
10,10019,'1034170',61
10,10019,'1034171',62
10,10019,'1034172',63
10,10019,'1034173',64
10,10019,'1034174',65
10,10019,'1034175',66
10,10019,'1034176',67
10,10019,'1034177',68
10,10019,'1034180',69
10,10019,'1034181',70
10,10019,'1034184',71
10,10019,'1034186',72
10,10019,'1034188',73
10,10019,'1034189',74
10,10019,'1034191',75
10,10019,'1034197',76
10,10019,'1034201',77
10,10019,'1034203',78
10,10019,'1034206',79
10,10019,'1034207',80
11,11019,'1032754',81
11,11019,'1032757',82
11,11019,'1032758',83
11,11019,'1032760',84
11,11019,'1032761',85
11,11019,'1032765',86
11,11019,'1032766',87
11,11019,'1032768',88
11,11019,'1032771',89
11,11019,'1032772',90
11,11019,'1032774',91
11,11019,'1032775',92
11,11019,'1032776',93
11,11019,'1032777',94
11,11019,'1032779',95
11,11019,'1032780',96
11,11019,'1032781',97
11,11019,'1032784',98
11,11019,'1032785',99
11,11019,'1032787',100
11,11019,'1032795',101
11,11019,'1032796',102
11,11019,'1032798',103
11,11019,'1032801',104
11,11019,'1032803',105
11,11019,'1032804',106
11,11019,'1032807',107
11,11019,'1032809',108
11,11019,'1032810',109
11,11019,'1032814',110
11,11019,'1032816',111
11,11019,'1032817',112
11,11019,'1032820',113
11,11019,'1032821',114
11,11019,'1032822',115
11,11019,'1032823',116
11,11019,'1032824',117
11,11019,'1032826',118
11,11019,'1032827',119
11,11019,'1032828',120
11,11019,'1032831',121
11,11019,'1032834',122
11,11019,'1032838',123
11,11019,'1032839',124
11,11019,'1032841',125
11,11019,'1032846',126
11,11019,'1032848',127
11,11019,'1032850',128
11,11019,'1032857',129
11,11019,'1032858',130
11,11019,'1032860',131
11,11019,'1032862',132
11,11019,'1032865',133
11,11019,'1032866',134
11,11019,'1032867',135
11,11019,'1032871',136
11,11019,'1032872',137
11,11019,'1032875',138
11,11019,'1032876',139
11,11019,'1032881',140
11,11019,'1032882',141
11,11019,'1032883',142
11,11019,'1032885',143
11,11019,'1032887',144
11,11019,'1032890',145
11,11019,'1032892',146
11,11019,'1032894',147
11,11019,'1032896',148
11,11019,'1032901',149
11,11019,'1032904',150
11,11019,'1032906',151
11,11019,'1032908',152
11,11019,'1032909',153
11,11019,'1032911',154
11,11019,'1032913',155
11,11019,'1032917',156
11,11019,'1032919',157
11,11019,'1032926',158
11,11019,'1032928',159
11,11019,'1032930',160
20,20019,'1026880',161
20,20019,'1026881',162
20,20019,'1026885',163
20,20019,'1026887',164
20,20019,'1026888',165
20,20019,'1026889',166
20,20019,'1026891',167
20,20019,'1026892',168
20,20019,'1026899',169
20,20019,'1026900',170
20,20019,'1026901',171
20,20019,'1026903',172
20,20019,'1026905',173
20,20019,'1026906',174
20,20019,'1026907',175
20,20019,'1026909',176
20,20019,'1026911',177
20,20019,'1026912',178
20,20019,'1026914',179
20,20019,'1026915',180
20,20019,'1026918',181
20,20019,'1026919',182
20,20019,'1026921',183
20,20019,'1026922',184
20,20019,'1031076',185
20,20019,'1031114',186
20,20019,'1031117',187
20,20019,'1031123',188
20,20019,'1031134',189
20,20019,'1031180',190
20,20019,'1031230',191
20,20019,'1031240',192
20,20019,'1031246',193
20,20019,'1031248',194
20,20019,'1031270',195
20,20019,'1031271',196
20,20019,'1031273',197
20,20019,'1031309',198
20,20019,'1031316',199
20,20019,'1031367',200
20,20019,'1031377',201
20,20019,'1031397',202
20,20019,'1031410',203
20,20019,'1031412',204
20,20019,'1031441',205
20,20019,'1031442',206
20,20019,'1031468',207
20,20019,'1031488',208
20,20019,'1031519',209
20,20019,'1031541',210
21,21019,'1021456',211
21,21019,'1021471',212
21,21019,'1021474',213
21,21019,'1021550',214
21,21019,'1021570',215
21,21019,'1021573',216
21,21019,'1021593',217
21,21019,'1021602',218
21,21019,'1021624',219
21,21019,'1021627',220
21,21019,'1021655',221
21,21019,'1021727',222
21,21019,'1021738',223
21,21019,'1021744',224
21,21019,'1021749',225
21,21019,'1021766',226
21,21019,'1021767',227
21,21019,'1021782',228
21,21019,'1021819',229
21,21019,'1021826',230
21,21019,'1021829',231
21,21019,'1021844',232
21,21019,'1021899',233
21,21019,'1021900',234
21,21019,'1026826',235
21,21019,'1026827',236
21,21019,'1026835',237
21,21019,'1026837',238
21,21019,'1026853',239
21,21019,'1026855',240
21,21019,'1026862',241
21,21019,'1026866',242
21,21019,'1031071',243
21,21019,'1031083',244
21,21019,'1031101',245
21,21019,'1031108',246
21,21019,'1031131',247
21,21019,'1031137',248
21,21019,'1031145',249
21,21019,'1031147',250
21,21019,'1031161',251
21,21019,'1031163',252
21,21019,'1031195',253
21,21019,'1031197',254
21,21019,'1031215',255
21,21019,'1031216',256
21,21019,'1031218',257
21,21019,'1031220',258
21,21019,'1031241',259
21,21019,'1031247',260
21,21019,'1031256',261
21,21019,'1031262',262
21,21019,'1031266',263
21,21019,'1031268',264
21,21019,'1031279',265
21,21019,'1031281',266
21,21019,'1031285',267
21,21019,'1031298',268
21,21019,'1031311',269
21,21019,'1031314',270
21,21019,'1031315',271
21,21019,'1031328',272
21,21019,'1031332',273
21,21019,'1031341',274
21,21019,'1031345',275
21,21019,'1031349',276
21,21019,'1031358',277
21,21019,'1031372',278
21,21019,'1031382',279
21,21019,'1031418',280
21,21019,'1031425',281
21,21019,'1031432',282
21,21019,'1031446',283
21,21019,'1031447',284
21,21019,'1031451',285
21,21019,'1031456',286
21,21019,'1031460',287
21,21019,'1031465',288
21,21019,'1031508',289
21,21019,'1031525',290
22,22019,'1022997',291
22,22019,'1023022',292
22,22019,'1023024',293
22,22019,'1023029',294
22,22019,'1031072',295
22,22019,'1031092',296
22,22019,'1031115',297
22,22019,'1031118',298
22,22019,'1031144',299
22,22019,'1031148',300
22,22019,'1031154',301
22,22019,'1031183',302
22,22019,'1031207',303
22,22019,'1031214',304
22,22019,'1031231',305
22,22019,'1031242',306
22,22019,'1031254',307
22,22019,'1031263',308
22,22019,'1031347',309
22,22019,'1031350',310
22,22019,'1031371',311
22,22019,'1031380',312
22,22019,'1031420',313
22,22019,'1031434',314
22,22019,'1031438',315
22,22019,'1031492',316
22,22019,'1031495',317
22,22019,'1031502',318
22,22019,'1031527',319
22,22019,'1031542',320
22,22019,'1032755',321
22,22019,'1032756',322
22,22019,'1032773',323
22,22019,'1032797',324
22,22019,'1032815',325
22,22019,'1032835',326
22,22019,'1032845',327
22,22019,'1032853',328
22,22019,'1032859',329
22,22019,'1032863',330
22,22019,'1032864',331
22,22019,'1032879',332
22,22019,'1032880',333
22,22019,'1032886',334
22,22019,'1032888',335
22,22019,'1032891',336
22,22019,'1032902',337
22,22019,'1032903',338
22,22019,'1032927',339
22,22019,'1032931',340
30,30019,'1022006',341
30,30019,'1022019',342
30,30019,'1022024',343
30,30019,'1022033',344
30,30019,'1022037',345
30,30019,'1022062',346
30,30019,'1022075',347
30,30019,'1022083',348
30,30019,'1031077',349
30,30019,'1031079',350
30,30019,'1031081',351
30,30019,'1031082',352
30,30019,'1031084',353
30,30019,'1031086',354
30,30019,'1031094',355
30,30019,'1031097',356
30,30019,'1031098',357
30,30019,'1031109',358
30,30019,'1031133',359
30,30019,'1031136',360
30,30019,'1031151',361
30,30019,'1031178',362
30,30019,'1031191',363
30,30019,'1031208',364
30,30019,'1031234',365
30,30019,'1031244',366
30,30019,'1031251',367
30,30019,'1031253',368
30,30019,'1031265',369
30,30019,'1031280',370
30,30019,'1031287',371
30,30019,'1031290',372
30,30019,'1031295',373
30,30019,'1031297',374
30,30019,'1031299',375
30,30019,'1031305',376
30,30019,'1031307',377
30,30019,'1031308',378
30,30019,'1031322',379
30,30019,'1031326',380
30,30019,'1031338',381
30,30019,'1031351',382
30,30019,'1031352',383
30,30019,'1031361',384
30,30019,'1031405',385
30,30019,'1031450',386
30,30019,'1031453',387
30,30019,'1031454',388
30,30019,'1031463',389
30,30019,'1031464',390
30,30019,'1031479',391
30,30019,'1031484',392
30,30019,'1031490',393
30,30019,'1031507',394
30,30019,'1031512',395
30,30019,'1031521',396
30,30019,'1031523',397
30,30019,'1031524',398
30,30019,'1031531',399
30,30019,'1031535',400
30,30019,'1031758',401
30,30019,'1031759',402
30,30019,'1031760',403
30,30019,'1031761',404
30,30019,'1031762',405
30,30019,'1031763',406
30,30019,'1031764',407
30,30019,'1031765',408
30,30019,'1031766',409
30,30019,'1031767',410
30,30019,'1031768',411
30,30019,'1031769',412
30,30019,'1031770',413
30,30019,'1031771',414
30,30019,'1031772',415
30,30019,'1031773',416
30,30019,'1031774',417
30,30019,'1031775',418
30,30019,'1031776',419
30,30019,'1031777',420
30,30019,'1031778',421
30,30019,'1031779',422
30,30019,'1031780',423
30,30019,'1031781',424
30,30019,'1031782',425
30,30019,'1031783',426
30,30019,'1031784',427
30,30019,'1031785',428
30,30019,'1031786',429
30,30019,'1031787',430
30,30019,'1031788',431
30,30019,'1031789',432
30,30019,'1031790',433
30,30019,'1031791',434
30,30019,'1031792',435
30,30019,'1031793',436
30,30019,'1031794',437
30,30019,'1031795',438
30,30019,'1031796',439
30,30019,'1031797',440
30,30019,'1031798',441
30,30019,'1031799',442
30,30019,'1031800',443
30,30019,'1031801',444
31,31019,'1023497',445
31,31019,'1023498',446
31,31019,'1023502',447
31,31019,'1023504',448
31,31019,'1023514',449
31,31019,'1023515',450
31,31019,'1023516',451
31,31019,'1023523',452
31,31019,'1023524',453
31,31019,'1023532',454
31,31019,'1023535',455
31,31019,'1023540',456
31,31019,'1023543',457
31,31019,'1023553',458
31,31019,'1023555',459
31,31019,'1023561',460
31,31019,'1023562',461
31,31019,'1023568',462
31,31019,'1023572',463
31,31019,'1023574',464
31,31019,'1023581',465
31,31019,'1023583',466
31,31019,'1023586',467
31,31019,'1023590',468
31,31029,'1023499',469
31,31029,'1023506',470
31,31029,'1023507',471
31,31029,'1023508',472
31,31029,'1023509',473
31,31029,'1023511',474
31,31029,'1023513',475
31,31029,'1023518',476
31,31029,'1023526',477
31,31029,'1023527',478
31,31029,'1023529',479
31,31029,'1023539',480
31,31029,'1023541',481
31,31029,'1023542',482
31,31029,'1023546',483
31,31029,'1023552',484
31,31029,'1023556',485
31,31029,'1023557',486
31,31029,'1023564',487
31,31029,'1023565',488
31,31029,'1023567',489
31,31029,'1023576',490
31,31029,'1023582',491
31,31029,'1023584',492
46,46019,'1024244',493
46,46019,'1024245',494
46,46019,'1024250',495
46,46019,'1024253',496
46,46019,'1024263',497
46,46019,'1024264',498
46,46019,'1024266',499
46,46019,'1024267',500
46,46019,'1024268',501
46,46019,'1024271',502
46,46019,'1024278',503
46,46019,'1024282',504
46,46019,'1024288',505
46,46019,'1024289',506
46,46019,'1024295',507
46,46019,'1024296',508
46,46019,'1024297',509
46,46019,'1024300',510
46,46019,'1024301',511
46,46019,'1024303',512
46,46019,'1024304',513
46,46019,'1024309',514
46,46019,'1024310',515
46,46019,'1024312',516
53,53019,'1024242',517
53,53019,'1024246',518
53,53019,'1024254',519
53,53019,'1024269',520
53,53019,'1024272',521
53,53019,'1024279',522
53,53019,'1024280',523
53,53019,'1024313',524
53,53019,'1034057',525
53,53019,'1034060',526
53,53019,'1034061',527
53,53019,'1034064',528
53,53019,'1034065',529
53,53019,'1034069',530
53,53019,'1034070',531
53,53019,'1034072',532
53,53019,'1034074',533
53,53019,'1034077',534
53,53019,'1034079',535
53,53019,'1034082',536
53,53019,'1034083',537
53,53019,'1034085',538
53,53019,'1034087',539
53,53019,'1034091',540
53,53019,'1034092',541
53,53019,'1034094',542
53,53019,'1034095',543
53,53019,'1034100',544
53,53019,'1034102',545
53,53019,'1034104',546
53,53019,'1034105',547
53,53019,'1034106',548
53,53019,'1034107',549
53,53019,'1034108',550
53,53019,'1034113',551
53,53019,'1034115',552
53,53019,'1034116',553
53,53019,'1034120',554
53,53019,'1034121',555
53,53019,'1034122',556
53,53019,'1034123',557
53,53019,'1034124',558
53,53019,'1034126',559
53,53019,'1034127',560
53,53019,'1034128',561
53,53019,'1034135',562
53,53019,'1034136',563
53,53019,'1034139',564
53,53019,'1034140',565
53,53019,'1034144',566
53,53019,'1034145',567
53,53019,'1034149',568
53,53019,'1034150',569
53,53019,'1034151',570
53,53019,'1034154',571
53,53019,'1034155',572
53,53019,'1034157',573
53,53019,'1034158',574
53,53019,'1034161',575
53,53019,'1034162',576
53,53019,'1034165',577
53,53019,'1034168',578
53,53019,'1034169',579
53,53019,'1034178',580
53,53019,'1034179',581
53,53019,'1034182',582
53,53019,'1034183',583
53,53019,'1034185',584
53,53019,'1034187',585
53,53019,'1034190',586
53,53019,'1034192',587
53,53019,'1034193',588
53,53019,'1034194',589
53,53019,'1034195',590
53,53019,'1034196',591
53,53019,'1034198',592
53,53019,'1034199',593
53,53019,'1034200',594
53,53019,'1034202',595
53,53019,'1034204',596
53,53019,'1034205',597
56,56019,'1023995',598
56,56019,'1023996',599
56,56019,'1024001',600
56,56019,'1024009',601
56,56019,'1024011',602
56,56019,'1024012',603
56,56019,'1024019',604
56,56019,'1024026',605
56,56019,'1024027',606
56,56019,'1024031',607
56,56019,'1024039',608
56,56019,'1024041',609
56,56019,'1024069',610
56,56019,'1024071',611
56,56019,'1024080',612
56,56019,'1024083',613
56,56019,'1024089',614
56,56019,'1024090',615
56,56019,'1024116',616
56,56019,'1024120',617
56,56019,'1024130',618
56,56019,'1024135',619
56,56019,'1024139',620
56,56019,'1024140',621
56,56019,'1031091',622
56,56019,'1031104',623
56,56019,'1031125',624
56,56019,'1031129',625
56,56019,'1031130',626
56,56019,'1031138',627
56,56019,'1031146',628
56,56019,'1031158',629
56,56019,'1031174',630
56,56019,'1031176',631
56,56019,'1031184',632
56,56019,'1031187',633
56,56019,'1031196',634
56,56019,'1031201',635
56,56019,'1031204',636
56,56019,'1031209',637
56,56019,'1031212',638
56,56019,'1031229',639
56,56019,'1031235',640
56,56019,'1031261',641
56,56019,'1031274',642
56,56019,'1031319',643
56,56019,'1031337',644
56,56019,'1031343',645
56,56019,'1031348',646
56,56019,'1031368',647
56,56019,'1031370',648
56,56019,'1031373',649
56,56019,'1031376',650
56,56019,'1031386',651
56,56019,'1031395',652
56,56019,'1031396',653
56,56019,'1031404',654
56,56019,'1031415',655
56,56019,'1031416',656
56,56019,'1031419',657
56,56019,'1031426',658
56,56019,'1031433',659
56,56019,'1031449',660
56,56019,'1031469',661
56,56019,'1031476',662
56,56019,'1031478',663
56,56019,'1031481',664
56,56019,'1031515',665
56,56019,'1031520',666
56,56019,'1031522',667
56,56019,'1031528',668
56,56019,'1031532',669
56,56019,'1031539',670
61,61019,'1023602',671
61,61019,'1023604',672
61,61019,'1023607',673
61,61019,'1023608',674
61,61019,'1023609',675
61,61019,'1023612',676
61,61019,'1023613',677
61,61019,'1023615',678
61,61019,'1023616',679
61,61019,'1023617',680
61,61019,'1023618',681
61,61019,'1023622',682
61,61019,'1023625',683
61,61019,'1023627',684
61,61019,'1023628',685
61,61019,'1023629',686
61,61019,'1023630',687
61,61019,'1023631',688
61,61019,'1023633',689
61,61019,'1023634',690
61,61019,'1023637',691
61,61019,'1023640',692
61,61019,'1023642',693
61,61019,'1023643',694
61,61019,'1023646',695
61,61019,'1023647',696
61,61019,'1023649',697
61,61019,'1023650',698
61,61019,'1023651',699
61,61019,'1023653',700
61,61019,'1023654',701
61,61019,'1023655',702
61,61019,'1031073',703
61,61019,'1031088',704
61,61019,'1031106',705
61,61019,'1031112',706
61,61019,'1031128',707
61,61019,'1031140',708
61,61019,'1031141',709
61,61019,'1031143',710
61,61019,'1031150',711
61,61019,'1031153',712
61,61019,'1031155',713
61,61019,'1031162',714
61,61019,'1031165',715
61,61019,'1031173',716
61,61019,'1031179',717
61,61019,'1031199',718
61,61019,'1031206',719
61,61019,'1031222',720
61,61019,'1031225',721
61,61019,'1031226',722
61,61019,'1031228',723
61,61019,'1031252',724
61,61019,'1031258',725
61,61019,'1031260',726
61,61019,'1031277',727
61,61019,'1031293',728
61,61019,'1031304',729
61,61019,'1031313',730
61,61019,'1031330',731
61,61019,'1031331',732
61,61019,'1031335',733
61,61019,'1031357',734
61,61019,'1031359',735
61,61019,'1031360',736
61,61019,'1031362',737
61,61019,'1031375',738
61,61019,'1031384',739
61,61019,'1031388',740
61,61019,'1031391',741
61,61019,'1031407',742
61,61019,'1031411',743
61,61019,'1031414',744
61,61019,'1031435',745
61,61019,'1031457',746
61,61019,'1031462',747
61,61019,'1031483',748
61,61019,'1031501',749
61,61019,'1031516',750
61,61019,'1031526',751
