21019,'1021456',1100,,211,17,,,0
21019,'1021471',1700,,212,17,,,0
21019,'1021474',1830,,213,17,,,0
21019,'1021550',1030,,214,17,,,0
21019,'1021570',930,,215,17,,,0
21019,'1021573',1500,,216,17,,,0
21019,'1021593',1400,,217,17,,,0
21019,'1021602',1130,,218,17,,,0
21019,'1021624',1000,,219,17,,,0
21019,'1021627',800,,220,17,,,0
21019,'1021655',830,,221,17,,,0
21019,'1021727',1600,,222,17,,,0
21019,'1021738',1230,,223,17,,,0
21019,'1021744',900,,224,17,,,0
21019,'1021749',730,,225,17,,,0
21019,'1021766',1630,,226,17,,,0
21019,'1021767',1800,,227,17,,,0
21019,'1021782',1330,,228,17,,,0
21019,'1021819',1300,,229,17,,,0
21019,'1021826',1530,,230,17,,,0
21019,'1021829',1430,,231,17,,,0
21019,'1021844',700,,232,17,,,0
21019,'1021899',1200,,233,17,,,0
21019,'1021900',1730,,234,17,,,0
21019,'1026826',2130,,235,17,,,0
21019,'1026827',1930,,236,17,,,0
21019,'1026835',2200,,237,17,,,0
21019,'1026837',1900,,238,17,,,0
21019,'1026853',2030,,239,17,,,0
21019,'1026855',2000,,240,17,,,0
21019,'1026862',2230,,241,17,,,0
21019,'1026866',2100,,242,17,,,0
21019,'1031071',1830,,243,17,,,0
21019,'1031083',1500,,244,17,,,0
21019,'1031101',1830,,245,17,,,0
21019,'1031108',1700,,246,17,,,0
21019,'1031131',1730,,247,17,,,0
21019,'1031137',1900,,248,17,,,0
21019,'1031145',900,,249,17,,,0
21019,'1031147',1530,,250,17,,,0
21019,'1031161',1000,,251,17,,,0
21019,'1031163',1930,,252,17,,,0
21019,'1031195',1630,,253,17,,,0
21019,'1031197',1300,,254,17,,,0
21019,'1031215',930,,255,17,,,0
21019,'1031216',900,,256,17,,,0
21019,'1031218',1530,,257,17,,,0
21019,'1031220',2000,,258,17,,,0
21019,'1031241',1230,,259,17,,,0
21019,'1031247',1700,,260,17,,,0
21019,'1031256',1400,,261,17,,,0
21019,'1031262',2030,,262,17,,,0
21019,'1031266',1900,,263,17,,,0
21019,'1031268',1300,,264,17,,,0
21019,'1031279',1200,,265,17,,,0
21019,'1031281',1030,,266,17,,,0
21019,'1031285',1100,,267,17,,,0
21019,'1031298',1800,,268,17,,,0
21019,'1031311',1730,,269,17,,,0
21019,'1031314',1000,,270,17,,,0
21019,'1031315',1600,,271,17,,,0
21019,'1031328',1130,,272,17,,,0
21019,'1031332',830,,273,17,,,0
21019,'1031341',2100,,274,17,,,0
21019,'1031345',1330,,275,17,,,0
21019,'1031349',1500,,276,17,,,0
21019,'1031358',1600,,277,17,,,0
21019,'1031372',1200,,278,17,,,0
21019,'1031382',1430,,279,17,,,0
21019,'1031418',1130,,280,17,,,0
21019,'1031425',1630,,281,17,,,0
21019,'1031432',1330,,282,17,,,0
21019,'1031446',1430,,283,17,,,0
21019,'1031447',1400,,284,17,,,0
21019,'1031451',1030,,285,17,,,0
21019,'1031456',930,,286,17,,,0
21019,'1031460',830,,287,17,,,0
21019,'1031465',1100,,288,17,,,0
21019,'1031508',1800,,289,17,,,0
21019,'1031525',1230,,290,17,,,0
