10019,'1034055',1655,,1,11,,,0
10019,'1034056',1855,,2,11,,,0
10019,'1034058',1755,,3,11,,,0
10019,'1034059',725,,4,11,,,0
10019,'1034062',1525,,5,11,,,0
10019,'1034063',1355,,6,11,,,0
10019,'1034066',1225,,7,11,,,0
10019,'1034067',2055,,8,11,,,0
10019,'1034068',1955,,9,11,,,0
10019,'1034071',1255,,10,11,,,0
10019,'1034073',1825,,11,11,,,0
10019,'1034075',2155,,12,11,,,0
10019,'1034076',925,,13,11,,,0
10019,'1034078',1555,,14,11,,,0
10019,'1034080',955,,15,11,,,0
10019,'1034081',2125,,16,11,,,0
10019,'1034084',1855,,17,11,,,0
10019,'1034086',1855,,18,11,,,0
10019,'1034088',1755,,19,11,,,0
10019,'1034089',1025,,20,11,,,0
10019,'1034090',1525,,21,11,,,0
10019,'1034093',2025,,22,11,,,0
10019,'1034096',1755,,23,11,,,0
10019,'1034097',955,,24,11,,,0
10019,'1034098',1725,,25,11,,,0
10019,'1034099',855,,26,11,,,0
10019,'1034101',1425,,27,11,,,0
10019,'1034103',1255,,28,11,,,0
10019,'1034109',2225,,29,11,,,0
10019,'1034110',1025,,30,11,,,0
10019,'1034111',1725,,31,11,,,0
10019,'1034112',1825,,32,11,,,0
10019,'1034114',1455,,33,11,,,0
10019,'1034117',1155,,34,11,,,0
10019,'1034118',1425,,35,11,,,0
10019,'1034119',1525,,36,11,,,0
10019,'1034125',1125,,37,11,,,0
10019,'1034129',855,,38,11,,,0
10019,'1034130',1025,,39,11,,,0
10019,'1034131',1325,,40,11,,,0
10019,'1034132',1425,,41,11,,,0
10019,'1034133',1155,,42,11,,,0
10019,'1034134',1655,,43,11,,,0
10019,'1034137',1625,,44,11,,,0
10019,'1034138',1055,,45,11,,,0
10019,'1034141',1225,,46,11,,,0
10019,'1034142',1225,,47,11,,,0
10019,'1034143',925,,48,11,,,0
10019,'1034146',1355,,49,11,,,0
10019,'1034147',1455,,50,11,,,0
10019,'1034148',1125,,51,11,,,0
10019,'1034152',1955,,52,11,,,0
10019,'1034153',1925,,53,11,,,0
10019,'1034156',825,,54,11,,,0
10019,'1034159',1625,,55,11,,,0
10019,'1034160',825,,56,11,,,0
10019,'1034163',1555,,57,11,,,0
10019,'1034164',1725,,58,11,,,0
10019,'1034166',1825,,59,11,,,0
10019,'1034167',1625,,60,11,,,0
10019,'1034170',1325,,61,11,,,0
10019,'1034171',755,,62,11,,,0
10019,'1034172',1655,,63,11,,,0
10019,'1034173',925,,64,11,,,0
10019,'1034174',1555,,65,11,,,0
10019,'1034175',1325,,66,11,,,0
10019,'1034176',825,,67,11,,,0
10019,'1034177',1155,,68,11,,,0
10019,'1034180',2055,,69,11,,,0
10019,'1034181',1255,,70,11,,,0
10019,'1034184',955,,71,11,,,0
10019,'1034186',2025,,72,11,,,0
10019,'1034188',1125,,73,11,,,0
10019,'1034189',1355,,74,11,,,0
10019,'1034191',1455,,75,11,,,0
10019,'1034197',1055,,76,11,,,0
10019,'1034201',1055,,77,11,,,0
10019,'1034203',655,,78,11,,,0
10019,'1034206',855,,79,11,,,0
10019,'1034207',1925,,80,11,,,0
