30019,'1022006',1902,,341,21,,,0
30019,'1022019',2002,,342,21,,,0
30019,'1022024',1932,,343,21,,,0
30019,'1022033',2102,,344,21,,,0
30019,'1022037',2202,,345,21,,,0
30019,'1022062',2232,,346,21,,,0
30019,'1022075',2032,,347,21,,,0
30019,'1022083',2132,,348,21,,,0
30019,'1031079',1102,,350,7,,,0
30019,'1031081',832,,351,7,,,0
30019,'1031086',1002,,354,7,,,0
30019,'1031094',1332,,355,7,,,0
30019,'1031133',1802,,359,7,,,0
30019,'1031208',1902,,364,7,,,0
30019,'1031244',1732,,366,7,,,0
30019,'1031280',2032,,370,7,,,0
30019,'1031287',1702,,371,7,,,0
30019,'1031295',1202,,373,7,,,0
30019,'1031299',1532,,375,7,,,0
30019,'1031305',1932,,376,7,,,0
30019,'1031308',2002,,378,7,,,0
30019,'1031322',1832,,379,7,,,0
30019,'1031351',1032,,382,7,,,0
30019,'1031405',1502,,385,7,,,0
30019,'1031453',1432,,387,7,,,0
30019,'1031454',932,,388,7,,,0
30019,'1031463',1402,,389,7,,,0
30019,'1031464',902,,390,7,,,0
30019,'1031484',2102,,392,7,,,0
30019,'1031490',1632,,393,7,,,0
30019,'1031521',1232,,396,7,,,0
30019,'1031523',1132,,397,7,,,0
30019,'1031531',1602,,399,7,,,0
30019,'1031535',1302,,400,7,,,0
30019,'1031760',1332,,403,7,,,0
30019,'1031761',1002,,404,7,,,0
30019,'1031764',1732,,407,7,,,0
30019,'1031766',932,,409,7,,,0
30019,'1031767',1632,,410,7,,,0
30019,'1031769',1802,,412,7,,,0
30019,'1031770',1532,,413,7,,,0
30019,'1031772',1702,,415,7,,,0
30019,'1031774',902,,417,7,,,0
30019,'1031784',832,,427,7,,,0
30019,'1031785',1602,,428,7,,,0
30019,'1031787',1032,,430,7,,,0
30019,'1031788',1132,,431,7,,,0
30019,'1031789',1202,,432,7,,,0
30019,'1031791',1232,,434,7,,,0
30019,'1031792',1902,,435,7,,,0
30019,'1031793',1102,,436,7,,,0
30019,'1031797',1402,,440,7,,,0
30019,'1031798',1832,,441,7,,,0
30019,'1031799',1432,,442,7,,,0
30019,'1031800',1302,,443,7,,,0
30019,'1031801',1502,,444,7,,,0
