46019,'1024244',1322,,493,7,,,0
46019,'1024245',822,,494,7,,,0
46019,'1024250',1152,,495,7,,,0
46019,'1024253',1552,,496,7,,,0
46019,'1024263',722,,497,7,,,0
46019,'1024264',1222,,498,7,,,0
46019,'1024266',752,,499,7,,,0
46019,'1024267',1422,,500,7,,,0
46019,'1024268',1622,,501,7,,,0
46019,'1024271',1452,,502,7,,,0
46019,'1024278',1652,,503,7,,,0
46019,'1024282',1122,,504,7,,,0
46019,'1024288',922,,505,7,,,0
46019,'1024289',1722,,506,7,,,0
46019,'1024295',952,,507,7,,,0
46019,'1024296',1752,,508,7,,,0
46019,'1024297',1822,,509,7,,,0
46019,'1024300',1252,,510,7,,,0
46019,'1024301',852,,511,7,,,0
46019,'1024303',1522,,512,7,,,0
46019,'1024304',1052,,513,7,,,0
46019,'1024309',1352,,514,7,,,0
46019,'1024310',652,,515,7,,,0
46019,'1024312',1022,,516,7,,,0
