31029,'1023499',1418,,469,8,0,5 6,0
31029,'1023506',1518,,470,8,0,5 6,0
31029,'1023507',1218,,471,8,0,5 6,0
31029,'1023508',948,,472,8,0,5 6,0
31029,'1023509',748,,473,8,0,5 6,0
31029,'1023511',1448,,474,8,0,5 6,0
31029,'1023513',648,,475,8,0,5 6,0
31029,'1023518',1618,,476,8,0,5 6,0
31029,'1023526',1248,,477,8,0,5 6,0
31029,'1023527',1748,,478,8,0,5 6,0
31029,'1023529',1018,,479,8,0,5 6,0
31029,'1023539',918,,480,8,0,5 6,0
31029,'1023541',848,,481,8,0,5 6,0
31029,'1023542',1318,,482,8,0,5 6,0
31029,'1023546',1118,,483,8,0,5 6,0
31029,'1023552',1718,,484,8,0,5 6,0
31029,'1023556',1818,,485,8,0,5 6,0
31029,'1023557',1548,,486,8,0,5 6,0
31029,'1023564',1148,,487,8,0,5 6,0
31029,'1023565',1048,,488,8,0,5 6,0
31029,'1023567',818,,489,8,0,5 6,0
31029,'1023576',1648,,490,8,0,5 6,0
31029,'1023582',718,,491,8,0,5 6,0
31029,'1023584',1348,,492,8,0,5 6,0
