53019,'1024242',1902,,517,2,,,0
53019,'1024246',2032,,518,2,,,0
53019,'1024254',2102,,519,2,,,0
53019,'1024269',2002,,520,2,,,0
53019,'1024272',2132,,521,2,,,0
53019,'1024279',2202,,522,2,,,0
53019,'1024280',1832,,523,2,,,0
53019,'1024313',1932,,524,2,,,0
56019,'1023995',903,,598,2,,,0
56019,'1023996',1033,,599,2,,,0
56019,'1024001',803,,600,2,,,0
56019,'1024009',1003,,601,2,,,0
56019,'1024011',1803,,602,2,,,0
56019,'1024012',1103,,603,2,,,0
56019,'1024019',1533,,604,2,,,0
56019,'1024026',1503,,605,2,,,0
56019,'1024027',1733,,606,2,,,0
56019,'1024031',1133,,607,2,,,0
56019,'1024039',1433,,608,2,,,0
56019,'1024041',633,,609,2,,,0
56019,'1024069',833,,610,2,,,0
56019,'1024071',933,,611,2,,,0
56019,'1024080',703,,612,2,,,0
56019,'1024083',1633,,613,2,,,0
56019,'1024089',1603,,614,2,,,0
56019,'1024090',1203,,615,2,,,0
56019,'1024116',1303,,616,2,,,0
56019,'1024120',1233,,617,2,,,0
56019,'1024130',1403,,618,2,,,0
56019,'1024135',1333,,619,2,,,0
56019,'1024139',1703,,620,2,,,0
56019,'1024140',733,,621,2,,,0
56019,'1031091',1733,,622,2,,,0
56019,'1031104',1333,,623,2,,,0
56019,'1031125',1533,,624,2,,,0
56019,'1031129',1233,,625,2,,,0
56019,'1031130',903,,626,2,,,0
56019,'1031138',833,,627,2,,,0
56019,'1031146',933,,628,2,,,0
56019,'1031158',1803,,629,2,,,0
56019,'1031174',1633,,630,2,,,0
56019,'1031176',1703,,631,2,,,0
56019,'1031184',1533,,632,2,,,0
56019,'1031187',903,,633,2,,,0
56019,'1031196',803,,634,2,,,0
56019,'1031201',1503,,635,2,,,0
56019,'1031204',1833,,636,2,,,0
56019,'1031209',1803,,637,2,,,0
56019,'1031212',833,,638,2,,,0
56019,'1031229',1303,,639,2,,,0
56019,'1031235',1203,,640,2,,,0
56019,'1031261',1403,,641,2,,,0
56019,'1031274',1133,,642,2,,,0
56019,'1031319',1503,,643,2,,,0
56019,'1031337',1903,,644,2,,,0
56019,'1031343',1903,,645,2,,,0
56019,'1031348',1403,,646,2,,,0
56019,'1031368',1733,,647,2,,,0
56019,'1031370',1033,,648,2,,,0
56019,'1031373',1303,,649,2,,,0
56019,'1031376',1003,,650,2,,,0
56019,'1031386',1203,,651,2,,,0
56019,'1031395',1433,,652,2,,,0
56019,'1031396',1933,,653,2,,,0
56019,'1031404',1603,,654,2,,,0
56019,'1031415',1233,,655,2,,,0
56019,'1031416',1033,,656,2,,,0
56019,'1031419',1103,,657,2,,,0
56019,'1031426',2003,,658,2,,,0
56019,'1031433',1333,,659,2,,,0
56019,'1031449',803,,660,2,,,0
56019,'1031469',1703,,661,2,,,0
56019,'1031476',1103,,662,2,,,0
56019,'1031478',1833,,663,2,,,0
56019,'1031481',1433,,664,2,,,0
56019,'1031515',2033,,665,2,,,0
56019,'1031520',1003,,666,2,,,0
56019,'1031522',1133,,667,2,,,0
56019,'1031528',1603,,668,2,,,0
56019,'1031532',933,,669,2,,,0
56019,'1031539',1633,,670,2,,,0
