10019,'1034055',1653,,1,9,,,0
10019,'1034056',1853,,2,9,,,0
10019,'1034058',1753,,3,9,,,0
10019,'1034059',723,,4,9,,,0
10019,'1034062',1523,,5,9,,,0
10019,'1034063',1353,,6,9,,,0
10019,'1034066',1223,,7,9,,,0
10019,'1034067',2053,,8,9,,,0
10019,'1034068',1953,,9,9,,,0
10019,'1034071',1253,,10,9,,,0
10019,'1034073',1823,,11,9,,,0
10019,'1034075',2153,,12,9,,,0
10019,'1034076',923,,13,9,,,0
10019,'1034078',1553,,14,9,,,0
10019,'1034080',953,,15,9,,,0
10019,'1034081',2123,,16,9,,,0
10019,'1034084',1853,,17,9,,,0
10019,'1034086',1853,,18,9,,,0
10019,'1034088',1753,,19,9,,,0
10019,'1034089',1023,,20,9,,,0
10019,'1034090',1523,,21,9,,,0
10019,'1034093',2023,,22,9,,,0
10019,'1034096',1753,,23,9,,,0
10019,'1034097',953,,24,9,,,0
10019,'1034098',1723,,25,9,,,0
10019,'1034099',853,,26,9,,,0
10019,'1034101',1423,,27,9,,,0
10019,'1034103',1253,,28,9,,,0
10019,'1034109',2223,,29,9,,,0
10019,'1034110',1023,,30,9,,,0
10019,'1034111',1723,,31,9,,,0
10019,'1034112',1823,,32,9,,,0
10019,'1034114',1453,,33,9,,,0
10019,'1034117',1153,,34,9,,,0
10019,'1034118',1423,,35,9,,,0
10019,'1034119',1523,,36,9,,,0
10019,'1034125',1123,,37,9,,,0
10019,'1034129',853,,38,9,,,0
10019,'1034130',1023,,39,9,,,0
10019,'1034131',1323,,40,9,,,0
10019,'1034132',1423,,41,9,,,0
10019,'1034133',1153,,42,9,,,0
10019,'1034134',1653,,43,9,,,0
10019,'1034137',1623,,44,9,,,0
10019,'1034138',1053,,45,9,,,0
10019,'1034141',1223,,46,9,,,0
10019,'1034142',1223,,47,9,,,0
10019,'1034143',923,,48,9,,,0
10019,'1034146',1353,,49,9,,,0
10019,'1034147',1453,,50,9,,,0
10019,'1034148',1123,,51,9,,,0
10019,'1034152',1953,,52,9,,,0
10019,'1034153',1923,,53,9,,,0
10019,'1034156',823,,54,9,,,0
10019,'1034159',1623,,55,9,,,0
10019,'1034160',823,,56,9,,,0
10019,'1034163',1553,,57,9,,,0
10019,'1034164',1723,,58,9,,,0
10019,'1034166',1823,,59,9,,,0
10019,'1034167',1623,,60,9,,,0
10019,'1034170',1323,,61,9,,,0
10019,'1034171',753,,62,9,,,0
10019,'1034172',1653,,63,9,,,0
10019,'1034173',923,,64,9,,,0
10019,'1034174',1553,,65,9,,,0
10019,'1034175',1323,,66,9,,,0
10019,'1034176',823,,67,9,,,0
10019,'1034177',1153,,68,9,,,0
10019,'1034180',2053,,69,9,,,0
10019,'1034181',1253,,70,9,,,0
10019,'1034184',953,,71,9,,,0
10019,'1034186',2023,,72,9,,,0
10019,'1034188',1123,,73,9,,,0
10019,'1034189',1353,,74,9,,,0
10019,'1034191',1453,,75,9,,,0
10019,'1034197',1053,,76,9,,,0
10019,'1034201',1053,,77,9,,,0
10019,'1034203',653,,78,9,,,0
10019,'1034206',853,,79,9,,,0
10019,'1034207',1923,,80,9,,,0
