61019,'1023602',2212,,671,17,,,0
61019,'1023604',1042,,672,10,,,0
61019,'1023607',1142,,673,10,,,0
61019,'1023608',1512,,674,10,,,0
61019,'1023609',1542,,675,10,,,0
61019,'1023612',742,,676,10,,,0
61019,'1023613',1342,,677,10,,,0
61019,'1023615',2042,,678,17,,,0
61019,'1023616',1612,,679,10,,,0
61019,'1023617',710,,680,10,,,0
61019,'1023618',1810,,681,10,,,0
61019,'1023622',2142,,682,17,,,0
61019,'1023625',1312,,683,10,,,0
61019,'1023627',1842,,684,17,,,0
61019,'1023628',1912,,685,17,,,0
61019,'1023629',942,,686,10,,,0
61019,'1023630',1442,,687,10,,,0
61019,'1023631',642,,688,10,,,0
61019,'1023633',1412,,689,10,,,0
61019,'1023634',1642,,690,10,,,0
61019,'1023637',842,,691,10,,,0
61019,'1023640',2012,,692,17,,,0
61019,'1023642',912,,693,10,,,0
61019,'1023643',1712,,694,10,,,0
61019,'1023646',1742,,695,10,,,0
61019,'1023647',1242,,696,10,,,0
61019,'1023649',1942,,697,17,,,0
61019,'1023650',1112,,698,10,,,0
61019,'1023651',1012,,699,10,,,0
61019,'1023653',812,,700,10,,,0
61019,'1023654',2112,,701,17,,,0
61019,'1023655',1212,,702,10,,,0
61019,'1031073',1142,,703,10,,,0
61019,'1031088',1012,,704,10,,,0
61019,'1031106',1542,,705,10,,,0
61019,'1031112',1542,,706,10,,,0
61019,'1031128',942,,707,10,,,0
61019,'1031140',1012,,708,10,,,0
61019,'1031141',1142,,709,10,,,0
61019,'1031143',1342,,710,10,,,0
61019,'1031150',1812,,711,10,,,0
61019,'1031153',1942,,712,10,,,0
61019,'1031155',1342,,713,10,,,0
61019,'1031162',1612,,714,10,,,0
61019,'1031165',1842,,715,10,,,0
61019,'1031173',1312,,716,10,,,0
61019,'1031179',1112,,717,10,,,0
61019,'1031199',1242,,718,10,,,0
61019,'1031206',1312,,719,10,,,0
61019,'1031222',1742,,720,10,,,0
61019,'1031225',912,,721,10,,,0
61019,'1031226',2012,,722,10,,,0
61019,'1031228',1842,,723,10,,,0
61019,'1031252',842,,724,10,,,0
61019,'1031258',842,,725,10,,,0
61019,'1031260',812,,726,10,,,0
61019,'1031277',1712,,727,10,,,0
61019,'1031293',1512,,728,10,,,0
61019,'1031304',1412,,729,10,,,0
61019,'1031313',1112,,730,10,,,0
61019,'1031330',1442,,731,10,,,0
61019,'1031331',2042,,732,10,,,0
61019,'1031335',812,,733,10,,,0
61019,'1031357',1412,,734,10,,,0
61019,'1031359',1812,,735,10,,,0
61019,'1031360',1912,,736,10,,,0
61019,'1031362',1042,,737,10,,,0
61019,'1031375',1512,,738,10,,,0
61019,'1031384',1642,,739,10,,,0
61019,'1031388',1212,,740,10,,,0
61019,'1031391',1912,,741,10,,,0
61019,'1031407',1742,,742,10,,,0
61019,'1031411',1212,,743,10,,,0
61019,'1031414',912,,744,10,,,0
61019,'1031435',1612,,745,10,,,0
61019,'1031457',1642,,746,10,,,0
61019,'1031462',1242,,747,10,,,0
61019,'1031483',942,,748,10,,,0
61019,'1031501',1442,,749,10,,,0
61019,'1031516',1042,,750,10,,,0
61019,'1031526',1712,,751,10,,,0
