21019,'1021456',1101,,211,19,,,0
21019,'1021471',1701,,212,19,,,0
21019,'1021474',1831,,213,19,,,0
21019,'1021550',1031,,214,19,,,0
21019,'1021570',931,,215,19,,,0
21019,'1021573',1501,,216,19,,,0
21019,'1021593',1401,,217,19,,,0
21019,'1021602',1131,,218,19,,,0
21019,'1021624',1001,,219,19,,,0
21019,'1021627',801,,220,19,,,0
21019,'1021655',831,,221,19,,,0
21019,'1021727',1601,,222,19,,,0
21019,'1021738',1231,,223,19,,,0
21019,'1021744',901,,224,19,,,0
21019,'1021749',731,,225,19,,,0
21019,'1021766',1631,,226,19,,,0
21019,'1021767',1801,,227,19,,,0
21019,'1021782',1331,,228,19,,,0
21019,'1021819',1301,,229,19,,,0
21019,'1021826',1531,,230,19,,,0
21019,'1021829',1431,,231,19,,,0
21019,'1021844',701,,232,19,,,0
21019,'1021899',1201,,233,19,,,0
21019,'1021900',1731,,234,19,,,0
21019,'1026826',2132,,235,19,,,0
21019,'1026827',1932,,236,19,,,0
21019,'1026835',2202,,237,19,,,0
21019,'1026837',1902,,238,19,,,0
21019,'1026853',2032,,239,19,,,0
21019,'1026855',2002,,240,19,,,0
21019,'1026862',2232,,241,19,,,0
21019,'1026866',2102,,242,19,,,0
21019,'1031071',1831,,243,19,,,0
21019,'1031083',1501,,244,19,,,0
21019,'1031101',1832,,245,19,,,0
21019,'1031108',1702,,246,19,,,0
21019,'1031131',1732,,247,19,,,0
21019,'1031137',1901,,248,19,,,0
21019,'1031145',901,,249,19,,,0
21019,'1031147',1532,,250,19,,,0
21019,'1031161',1001,,251,19,,,0
21019,'1031163',1931,,252,19,,,0
21019,'1031195',1631,,253,19,,,0
21019,'1031197',1301,,254,19,,,0
21019,'1031215',932,,255,19,,,0
21019,'1031216',902,,256,19,,,0
21019,'1031218',1531,,257,19,,,0
21019,'1031220',2001,,258,19,,,0
21019,'1031241',1232,,259,19,,,0
21019,'1031247',1701,,260,19,,,0
21019,'1031256',1402,,261,19,,,0
21019,'1031262',2031,,262,19,,,0
21019,'1031266',1902,,263,19,,,0
21019,'1031268',1302,,264,19,,,0
21019,'1031279',1201,,265,19,,,0
21019,'1031281',1032,,266,19,,,0
21019,'1031285',1102,,267,19,,,0
21019,'1031298',1802,,268,19,,,0
21019,'1031311',1731,,269,19,,,0
21019,'1031314',1002,,270,19,,,0
21019,'1031315',1602,,271,19,,,0
21019,'1031328',1132,,272,19,,,0
21019,'1031332',832,,273,19,,,0
21019,'1031341',2101,,274,19,,,0
21019,'1031345',1332,,275,19,,,0
21019,'1031349',1502,,276,19,,,0
21019,'1031358',1601,,277,19,,,0
21019,'1031372',1202,,278,19,,,0
21019,'1031382',1431,,279,19,,,0
21019,'1031418',1131,,280,19,,,0
21019,'1031425',1632,,281,19,,,0
21019,'1031432',1331,,282,19,,,0
21019,'1031446',1432,,283,19,,,0
21019,'1031447',1401,,284,19,,,0
21019,'1031451',1031,,285,19,,,0
21019,'1031456',931,,286,19,,,0
21019,'1031460',831,,287,19,,,0
21019,'1031465',1101,,288,19,,,0
21019,'1031508',1801,,289,19,,,0
21019,'1031525',1231,,290,19,,,0
