22019,'1022997',739,,291,20,,,0
22019,'1023022',809,,292,20,,,0
22019,'1023024',839,,293,20,,,0
22019,'1023029',709,,294,20,,,0
22019,'1031072',1709,,295,19,,,0
22019,'1031092',1809,,296,19,,,0
22019,'1031115',909,,297,19,,,0
22019,'1031118',1609,,298,19,,,0
22019,'1031144',1639,,299,19,,,0
22019,'1031148',1839,,300,19,,,0
22019,'1031154',1939,,301,19,,,0
22019,'1031183',1109,,302,19,,,0
22019,'1031207',1409,,303,19,,,0
22019,'1031214',939,,304,19,,,0
22019,'1031231',2039,,305,19,,,0
22019,'1031242',1909,,306,19,,,0
22019,'1031254',1139,,307,19,,,0
22019,'1031263',1009,,308,19,,,0
22019,'1031347',839,,309,19,,,0
22019,'1031350',1739,,310,19,,,0
22019,'1031371',1439,,311,19,,,0
22019,'1031380',1339,,312,19,,,0
22019,'1031420',1239,,313,19,,,0
22019,'1031434',1309,,314,19,,,0
22019,'1031438',2009,,315,19,,,0
22019,'1031492',1039,,316,19,,,0
22019,'1031495',2109,,317,19,,,0
22019,'1031502',1209,,318,19,,,0
22019,'1031527',1539,,319,19,,,0
22019,'1031542',1509,,320,19,,,0
22019,'1032755',1609,,321,20,,,0
22019,'1032756',1839,,322,20,,,0
22019,'1032773',1709,,323,20,,,0
22019,'1032797',1309,,324,20,,,0
22019,'1032815',1109,,325,20,,,0
22019,'1032835',1509,,326,20,,,0
22019,'1032845',939,,327,20,,,0
22019,'1032853',1239,,328,20,,,0
22019,'1032859',1139,,329,20,,,0
22019,'1032863',1809,,330,20,,,0
22019,'1032864',1639,,331,20,,,0
22019,'1032879',1039,,332,20,,,0
22019,'1032880',1339,,333,20,,,0
22019,'1032886',1209,,334,20,,,0
22019,'1032888',1409,,335,20,,,0
22019,'1032891',1739,,336,20,,,0
22019,'1032902',909,,337,20,,,0
22019,'1032903',1009,,338,20,,,0
22019,'1032927',1439,,339,20,,,0
22019,'1032931',1539,,340,20,,,0
