20019,'1026880',1255,,161,11,,,0
20019,'1026881',1525,,162,11,,,0
20019,'1026885',1755,,163,11,,,0
20019,'1026887',1055,,164,11,,,0
20019,'1026888',1455,,165,11,,,0
20019,'1026889',855,,166,11,,,0
20019,'1026891',1625,,167,11,,,0
20019,'1026892',725,,168,11,,,0
20019,'1026899',1155,,169,11,,,0
20019,'1026900',1555,,170,11,,,0
20019,'1026901',1825,,171,11,,,0
20019,'1026903',925,,172,11,,,0
20019,'1026905',1125,,173,11,,,0
20019,'1026906',1225,,174,11,,,0
20019,'1026907',955,,175,11,,,0
20019,'1026909',1725,,176,11,,,0
20019,'1026911',655,,177,11,,,0
20019,'1026912',1655,,178,11,,,0
20019,'1026914',1355,,179,11,,,0
20019,'1026915',755,,180,11,,,0
20019,'1026918',825,,181,11,,,0
20019,'1026919',1425,,182,11,,,0
20019,'1026921',1325,,183,11,,,0
20019,'1026922',1025,,184,11,,,0
20019,'1031076',1155,,185,11,,,0
20019,'1031114',855,,186,11,,,0
20019,'1031117',1655,,187,11,,,0
20019,'1031123',1455,,188,11,,,0
20019,'1031134',1625,,189,11,,,0
20019,'1031180',1425,,190,11,,,0
20019,'1031230',955,,191,11,,,0
20019,'1031240',1755,,192,11,,,0
20019,'1031246',1255,,193,11,,,0
20019,'1031248',1955,,194,11,,,0
20019,'1031270',1225,,195,11,,,0
20019,'1031271',1725,,196,11,,,0
20019,'1031273',1355,,197,11,,,0
20019,'1031309',1125,,198,11,,,0
20019,'1031316',2025,,199,11,,,0
20019,'1031367',925,,200,11,,,0
20019,'1031377',1825,,201,11,,,0
20019,'1031397',1925,,202,11,,,0
20019,'1031410',2055,,203,11,,,0
20019,'1031412',1525,,204,11,,,0
20019,'1031441',1855,,205,11,,,0
20019,'1031442',1325,,206,11,,,0
20019,'1031468',825,,207,11,,,0
20019,'1031488',1555,,208,11,,,0
20019,'1031519',1025,,209,11,,,0
20019,'1031541',1055,,210,11,,,0
