11019,'1032754',1430,,81,12,,,0
11019,'1032757',900,,82,12,,,0
11019,'1032758',1330,,83,12,,,0
11019,'1032760',2230,,84,12,,,0
11019,'1032761',2100,,85,12,,,0
11019,'1032765',1800,,86,12,,,0
11019,'1032766',1530,,87,12,,,0
11019,'1032768',1530,,88,12,,,0
11019,'1032771',2030,,89,12,,,0
11019,'1032772',1400,,90,12,,,0
11019,'1032774',900,,91,12,,,0
11019,'1032775',1000,,92,12,,,0
11019,'1032776',1830,,93,12,,,0
11019,'1032777',1130,,94,12,,,0
11019,'1032779',1730,,95,12,,,0
11019,'1032780',1500,,96,12,,,0
11019,'1032781',1630,,97,12,,,0
11019,'1032784',1230,,98,12,,,0
11019,'1032785',1830,,99,12,,,0
11019,'1032787',1600,,100,12,,,0
11019,'1032795',1400,,101,12,,,0
11019,'1032796',1200,,102,12,,,0
11019,'1032798',1500,,103,12,,,0
11019,'1032801',1330,,104,12,,,0
11019,'1032803',1030,,105,12,,,0
11019,'1032804',1300,,106,12,,,0
11019,'1032807',1800,,107,12,,,0
11019,'1032809',2000,,108,12,,,0
11019,'1032810',1430,,109,12,,,0
11019,'1032814',1600,,110,12,,,0
11019,'1032816',2000,,111,12,,,0
11019,'1032817',1930,,112,12,,,0
11019,'1032820',900,,113,12,,,0
11019,'1032821',1230,,114,12,,,0
11019,'1032822',930,,115,12,,,0
11019,'1032823',1000,,116,12,,,0
11019,'1032824',1030,,117,12,,,0
11019,'1032826',1700,,118,12,,,0
11019,'1032827',1100,,119,12,,,0
11019,'1032828',800,,120,12,,,0
11019,'1032831',1330,,121,12,,,0
11019,'1032834',1030,,122,12,,,0
11019,'1032838',2100,,123,12,,,0
11019,'1032839',1800,,124,12,,,0
11019,'1032841',1930,,125,12,,,0
11019,'1032846',730,,126,12,,,0
11019,'1032848',1900,,127,12,,,0
11019,'1032850',1600,,128,12,,,0
11019,'1032857',1830,,129,12,,,0
11019,'1032858',2030,,130,12,,,0
11019,'1032860',1100,,131,12,,,0
11019,'1032862',1900,,132,12,,,0
11019,'1032865',830,,133,12,,,0
11019,'1032866',930,,134,12,,,0
11019,'1032867',1630,,135,12,,,0
11019,'1032871',1700,,136,12,,,0
11019,'1032872',1430,,137,12,,,0
11019,'1032875',1130,,138,12,,,0
11019,'1032876',1130,,139,12,,,0
11019,'1032881',1900,,140,12,,,0
11019,'1032882',930,,141,12,,,0
11019,'1032883',2130,,142,12,,,0
11019,'1032885',1730,,143,12,,,0
11019,'1032887',1730,,144,12,,,0
11019,'1032890',1630,,145,12,,,0
11019,'1032892',1000,,146,12,,,0
11019,'1032894',1300,,147,12,,,0
11019,'1032896',1100,,148,12,,,0
11019,'1032901',1200,,149,12,,,0
11019,'1032904',2200,,150,12,,,0
11019,'1032906',1300,,151,12,,,0
11019,'1032908',826,,152,12,,,0
11019,'1032909',830,,153,12,,,0
11019,'1032911',1400,,154,12,,,0
11019,'1032913',700,,155,12,,,0
11019,'1032917',1230,,156,12,,,0
11019,'1032919',1530,,157,12,,,0
11019,'1032926',1500,,158,12,,,0
11019,'1032928',1200,,159,12,,,0
11019,'1032930',1700,,160,12,,,0
