30019,'1022006',1901,,341,20,,,0
30019,'1022019',2001,,342,20,,,0
30019,'1022024',1931,,343,20,,,0
30019,'1022033',2101,,344,20,,,0
30019,'1022037',2201,,345,20,,,0
30019,'1022062',2231,,346,20,,,0
30019,'1022075',2031,,347,20,,,0
30019,'1022083',2131,,348,20,,,0
30019,'1031079',1101,,350,6,,,0
30019,'1031081',831,,351,6,,,0
30019,'1031086',1001,,354,6,,,0
30019,'1031094',1331,,355,6,,,0
30019,'1031133',1801,,359,6,,,0
30019,'1031208',1901,,364,6,,,0
30019,'1031244',1731,,366,6,,,0
30019,'1031280',2031,,370,6,,,0
30019,'1031287',1701,,371,6,,,0
30019,'1031295',1201,,373,6,,,0
30019,'1031299',1531,,375,6,,,0
30019,'1031305',1931,,376,6,,,0
30019,'1031308',2001,,378,6,,,0
30019,'1031322',1831,,379,6,,,0
30019,'1031351',1031,,382,6,,,0
30019,'1031405',1501,,385,6,,,0
30019,'1031453',1431,,387,6,,,0
30019,'1031454',931,,388,6,,,0
30019,'1031463',1401,,389,6,,,0
30019,'1031464',901,,390,6,,,0
30019,'1031484',2101,,392,6,,,0
30019,'1031490',1631,,393,6,,,0
30019,'1031521',1231,,396,6,,,0
30019,'1031523',1131,,397,6,,,0
30019,'1031531',1601,,399,6,,,0
30019,'1031535',1301,,400,6,,,0
30019,'1031760',1331,,403,6,,,0
30019,'1031761',1001,,404,6,,,0
30019,'1031764',1731,,407,6,,,0
30019,'1031766',931,,409,6,,,0
30019,'1031767',1631,,410,6,,,0
30019,'1031769',1801,,412,6,,,0
30019,'1031770',1531,,413,6,,,0
30019,'1031772',1701,,415,6,,,0
30019,'1031774',901,,417,6,,,0
30019,'1031784',831,,427,6,,,0
30019,'1031785',1601,,428,6,,,0
30019,'1031787',1031,,430,6,,,0
30019,'1031788',1131,,431,6,,,0
30019,'1031789',1201,,432,6,,,0
30019,'1031791',1231,,434,6,,,0
30019,'1031792',1901,,435,6,,,0
30019,'1031793',1101,,436,6,,,0
30019,'1031797',1401,,440,6,,,0
30019,'1031798',1831,,441,6,,,0
30019,'1031799',1431,,442,6,,,0
30019,'1031800',1301,,443,6,,,0
30019,'1031801',1501,,444,6,,,0
