20019,'1026880',1251,,161,6,,,0
20019,'1026881',1521,,162,6,,,0
20019,'1026885',1751,,163,6,,,0
20019,'1026887',1051,,164,6,,,0
20019,'1026888',1451,,165,6,,,0
20019,'1026889',851,,166,6,,,0
20019,'1026891',1621,,167,6,,,0
20019,'1026892',721,,168,6,,,0
20019,'1026899',1151,,169,6,,,0
20019,'1026900',1551,,170,6,,,0
20019,'1026901',1821,,171,6,,,0
20019,'1026903',921,,172,6,,,0
20019,'1026905',1121,,173,6,,,0
20019,'1026906',1221,,174,6,,,0
20019,'1026907',951,,175,6,,,0
20019,'1026909',1721,,176,6,,,0
20019,'1026911',651,,177,6,,,0
20019,'1026912',1651,,178,6,,,0
20019,'1026914',1351,,179,6,,,0
20019,'1026915',751,,180,6,,,0
20019,'1026918',821,,181,6,,,0
20019,'1026919',1421,,182,6,,,0
20019,'1026921',1321,,183,6,,,0
20019,'1026922',1021,,184,6,,,0
20019,'1031076',1151,,185,6,,,0
20019,'1031114',851,,186,6,,,0
20019,'1031117',1651,,187,6,,,0
20019,'1031123',1451,,188,6,,,0
20019,'1031134',1621,,189,6,,,0
20019,'1031180',1421,,190,6,,,0
20019,'1031230',951,,191,6,,,0
20019,'1031240',1751,,192,6,,,0
20019,'1031246',1251,,193,6,,,0
20019,'1031248',1951,,194,6,,,0
20019,'1031270',1221,,195,6,,,0
20019,'1031271',1721,,196,6,,,0
20019,'1031273',1351,,197,6,,,0
20019,'1031309',1121,,198,6,,,0
20019,'1031316',2021,,199,6,,,0
20019,'1031367',921,,200,6,,,0
20019,'1031377',1821,,201,6,,,0
20019,'1031397',1921,,202,6,,,0
20019,'1031410',2051,,203,6,,,0
20019,'1031412',1521,,204,6,,,0
20019,'1031441',1851,,205,6,,,0
20019,'1031442',1321,,206,6,,,0
20019,'1031468',821,,207,6,,,0
20019,'1031488',1551,,208,6,,,0
20019,'1031519',1021,,209,6,,,0
20019,'1031541',1051,,210,6,,,0
