61019,'1023602',2211,,671,16,,,0
61019,'1023604',1040,,672,9,,,0
61019,'1023607',1140,,673,9,,,0
61019,'1023608',1510,,674,9,,,0
61019,'1023609',1540,,675,9,,,0
61019,'1023612',741,,676,9,,,0
61019,'1023613',1340,,677,9,,,0
61019,'1023615',2041,,678,16,,,0
61019,'1023616',1610,,679,9,,,0
61019,'1023617',709,,680,9,,,0
61019,'1023618',1809,,681,9,,,0
61019,'1023622',2141,,682,16,,,0
61019,'1023625',1310,,683,9,,,0
61019,'1023627',1841,,684,16,,,0
61019,'1023628',1911,,685,16,,,0
61019,'1023629',940,,686,9,,,0
61019,'1023630',1440,,687,9,,,0
61019,'1023631',640,,688,9,,,0
61019,'1023633',1410,,689,9,,,0
61019,'1023634',1640,,690,9,,,0
61019,'1023637',841,,691,9,,,0
61019,'1023640',2011,,692,16,,,0
61019,'1023642',911,,693,9,,,0
61019,'1023643',1710,,694,9,,,0
61019,'1023646',1740,,695,9,,,0
61019,'1023647',1240,,696,9,,,0
61019,'1023649',1941,,697,16,,,0
61019,'1023650',1110,,698,9,,,0
61019,'1023651',1010,,699,9,,,0
61019,'1023653',810,,700,9,,,0
61019,'1023654',2111,,701,16,,,0
61019,'1023655',1210,,702,9,,,0
61019,'1031073',1141,,703,9,,,0
61019,'1031088',1011,,704,9,,,0
61019,'1031106',1541,,705,9,,,0
61019,'1031112',1541,,706,9,,,0
61019,'1031128',941,,707,9,,,0
61019,'1031140',1011,,708,9,,,0
61019,'1031141',1141,,709,9,,,0
61019,'1031143',1341,,710,9,,,0
61019,'1031150',1811,,711,9,,,0
61019,'1031153',1941,,712,9,,,0
61019,'1031155',1341,,713,9,,,0
61019,'1031162',1611,,714,9,,,0
61019,'1031165',1841,,715,9,,,0
61019,'1031173',1311,,716,9,,,0
61019,'1031179',1111,,717,9,,,0
61019,'1031199',1241,,718,9,,,0
61019,'1031206',1311,,719,9,,,0
61019,'1031222',1741,,720,9,,,0
61019,'1031225',911,,721,9,,,0
61019,'1031226',2011,,722,9,,,0
61019,'1031228',1841,,723,9,,,0
61019,'1031252',841,,724,9,,,0
61019,'1031258',841,,725,9,,,0
61019,'1031260',811,,726,9,,,0
61019,'1031277',1711,,727,9,,,0
61019,'1031293',1511,,728,9,,,0
61019,'1031304',1411,,729,9,,,0
61019,'1031313',1111,,730,9,,,0
61019,'1031330',1441,,731,9,,,0
61019,'1031331',2041,,732,9,,,0
61019,'1031335',811,,733,9,,,0
61019,'1031357',1411,,734,9,,,0
61019,'1031359',1811,,735,9,,,0
61019,'1031360',1911,,736,9,,,0
61019,'1031362',1041,,737,9,,,0
61019,'1031375',1511,,738,9,,,0
61019,'1031384',1641,,739,9,,,0
61019,'1031388',1211,,740,9,,,0
61019,'1031391',1911,,741,9,,,0
61019,'1031407',1741,,742,9,,,0
61019,'1031411',1211,,743,9,,,0
61019,'1031414',911,,744,9,,,0
61019,'1031435',1611,,745,9,,,0
61019,'1031457',1641,,746,9,,,0
61019,'1031462',1241,,747,9,,,0
61019,'1031483',941,,748,9,,,0
61019,'1031501',1441,,749,9,,,0
61019,'1031516',1041,,750,9,,,0
61019,'1031526',1711,,751,9,,,0
