21019,'1021456',1108,,211,30,,,0
21019,'1021471',1708,,212,30,,,0
21019,'1021474',1838,,213,30,,,0
21019,'1021550',1037,,214,30,,,0
21019,'1021570',938,,215,30,,,0
21019,'1021573',1508,,216,30,,,0
21019,'1021593',1408,,217,30,,,0
21019,'1021602',1138,,218,30,,,0
21019,'1021624',1008,,219,30,,,0
21019,'1021627',808,,220,30,,,0
21019,'1021655',838,,221,30,,,0
21019,'1021727',1608,,222,30,,,0
21019,'1021738',1238,,223,30,,,0
21019,'1021744',908,,224,30,,,0
21019,'1021749',738,,225,30,,,0
21019,'1021766',1638,,226,30,,,0
21019,'1021767',1808,,227,30,,,0
21019,'1021782',1338,,228,30,,,0
21019,'1021819',1308,,229,30,,,0
21019,'1021826',1538,,230,30,,,0
21019,'1021829',1438,,231,30,,,0
21019,'1021844',708,,232,30,,,0
21019,'1021899',1208,,233,30,,,0
21019,'1021900',1738,,234,30,,,0
21019,'1026826',2138,,235,31,,,0
21019,'1026827',1938,,236,31,,,0
21019,'1026835',2208,,237,31,,,0
21019,'1026837',1908,,238,31,,,0
21019,'1026853',2037,,239,31,,,0
21019,'1026855',2008,,240,31,,,0
21019,'1026862',2238,,241,31,,,0
21019,'1026866',2108,,242,31,,,0
21019,'1031071',1838,,243,30,,,0
21019,'1031083',1508,,244,30,,,0
21019,'1031101',1838,,245,30,,,0
21019,'1031108',1708,,246,30,,,0
21019,'1031131',1738,,247,30,,,0
21019,'1031137',1908,,248,30,,,0
21019,'1031145',908,,249,30,,,0
21019,'1031147',1538,,250,30,,,0
21019,'1031161',1008,,251,30,,,0
21019,'1031163',1938,,252,30,,,0
21019,'1031195',1638,,253,30,,,0
21019,'1031197',1308,,254,30,,,0
21019,'1031215',938,,255,30,,,0
21019,'1031216',908,,256,30,,,0
21019,'1031218',1538,,257,30,,,0
21019,'1031220',2008,,258,30,,,0
21019,'1031241',1238,,259,30,,,0
21019,'1031247',1708,,260,30,,,0
21019,'1031256',1408,,261,30,,,0
21019,'1031262',2038,,262,30,,,0
21019,'1031266',1908,,263,30,,,0
21019,'1031268',1308,,264,30,,,0
21019,'1031279',1208,,265,30,,,0
21019,'1031281',1038,,266,30,,,0
21019,'1031285',1108,,267,30,,,0
21019,'1031298',1808,,268,30,,,0
21019,'1031311',1738,,269,30,,,0
21019,'1031314',1008,,270,30,,,0
21019,'1031315',1608,,271,30,,,0
21019,'1031328',1138,,272,30,,,0
21019,'1031332',838,,273,30,,,0
21019,'1031341',2108,,274,30,,,0
21019,'1031345',1338,,275,30,,,0
21019,'1031349',1508,,276,30,,,0
21019,'1031358',1608,,277,30,,,0
21019,'1031372',1208,,278,30,,,0
21019,'1031382',1438,,279,30,,,0
21019,'1031418',1138,,280,30,,,0
21019,'1031425',1638,,281,30,,,0
21019,'1031432',1338,,282,30,,,0
21019,'1031446',1438,,283,30,,,0
21019,'1031447',1408,,284,30,,,0
21019,'1031451',1038,,285,30,,,0
21019,'1031456',938,,286,30,,,0
21019,'1031460',838,,287,30,,,0
21019,'1031465',1108,,288,30,,,0
21019,'1031508',1808,,289,30,,,0
21019,'1031525',1238,,290,30,,,0
