10019,30000001,1,0,0
10019,140000051,2,0,0
10019,140000052,3,0,0
10019,140000017,4,0,0
10019,140000018,5,0,0
10019,140000019,6,0,0
10019,140000020,7,0,0
10019,140000053,8,0,0
10019,140000054,9,0,0
10019,140000036,10,0,0
10019,140000035,11,0,0
10019,140000034,12,0,0
10019,140000033,13,0,0
10019,140000032,14,0,0
10019,140000028,15,0,0
10019,140000040,16,0,0
10019,140000041,17,0,0
10019,140000042,18,0,0
10019,140000024,19,0,0
10019,140000025,20,0,0
10019,140000022,21,0,0
10019,140000023,22,0,0
11019,30000001,1,0,0
11019,140000001,2,0,0
11019,140000002,3,0,0
11019,140000003,4,0,0
11019,140000004,5,0,0
11019,140000005,6,0,0
11019,140000006,7,0,0
11019,140000007,8,0,0
11019,140000008,9,0,0
11019,140000009,10,0,0
11019,140000010,11,0,0
11019,140000011,12,0,0
11019,140000012,13,0,0
11019,140000013,14,0,0
11019,140000014,15,0,0
11019,140000015,16,0,0
11019,140000016,17,0,0
11019,140000026,18,0,0
11019,140000027,19,0,0
11019,140000043,20,0,0
11019,140000044,21,0,0
11019,140000045,22,0,0
20019,30000001,1,0,0
20019,30000037,2,0,0
20019,30000038,3,0,0
20019,30000040,4,0,0
20019,30000041,5,0,0
20019,30000043,6,0,0
20019,30000044,7,0,0
20019,30000045,8,0,0
20019,30000046,9,0,0
20019,30000047,10,0,0
20019,30000048,11,0,0
20019,30000049,12,0,0
20019,30000050,13,0,0
20019,30000052,14,0,0
20019,30000053,15,0,0
20019,30000054,16,0,0
20019,30000056,17,0,0
20019,30000057,18,0,0
20019,30000058,19,0,0
20019,30000059,20,0,0
20019,30000060,21,0,0
20019,30000061,22,0,0
20019,30000062,23,0,0
20019,30000063,24,0,0
21019,30000001,1,0,0
21019,30000064,2,0,0
21019,30000065,3,0,0
21019,30000066,4,0,0
21019,30000067,5,0,0
21019,30000068,6,0,0
21019,30000069,7,0,0
21019,30000070,8,0,0
21019,30000071,9,0,0
21019,30000072,10,0,0
21019,30000073,11,0,0
21019,30000074,12,0,0
21019,30000075,13,0,0
21019,30000076,14,0,0
21019,30000077,15,0,0
21019,30000078,16,0,0
21019,30000079,17,0,0
21019,30000080,18,0,0
21019,30000081,19,0,0
21019,30000082,20,0,0
21019,30000083,21,0,0
21019,30000094,22,0,0
21019,30000017,23,0,0
21019,30000084,24,0,0
21019,30000085,25,0,0
21019,30000086,26,0,0
21019,30000087,27,0,0
21019,30000088,28,0,0
21019,30000089,29,0,0
21019,30000090,30,0,0
21019,30000091,31,0,0
21019,30000092,32,0,0
21019,30000093,33,0,0
22019,30000001,1,0,0
22019,30000002,2,0,0
22019,30000014,3,0,0
22019,30000015,4,0,0
22019,30000016,5,0,0
22019,30000018,6,0,0
22019,30000019,7,0,0
22019,30000020,8,0,0
22019,30000021,9,0,0
22019,30000022,10,0,0
22019,30000023,11,0,0
22019,30000024,12,0,0
22019,30000025,13,0,0
22019,30000026,14,0,0
22019,30000027,15,0,0
22019,30000028,16,0,0
22019,30000029,17,0,0
22019,30000033,18,0,0
22019,30000035,19,0,0
22019,30000036,20,0,0
30019,30000001,1,0,0
30019,30000002,2,0,0
30019,30000003,3,0,0
30019,30000004,4,0,0
30019,30000005,5,0,0
30019,30000006,6,0,0
30019,190000030,7,0,0
30019,190000031,8,0,0
30019,190000032,9,0,0
30019,190000033,10,0,0
30019,190000034,11,0,0
30019,190000035,12,0,0
30019,190000007,13,0,0
30019,190000008,14,0,0
30019,190000009,15,0,0
30019,190000010,16,0,0
30019,190000011,17,0,0
30019,190000012,18,0,0
30019,190000014,19,0,0
30019,190000015,20,0,0
30019,190000016,21,0,0
30019,190000017,22,0,0
30019,190000018,23,0,0
30019,190000019,24,0,0
30019,190000020,25,0,0
30019,30000007,26,0,0
30019,30000008,27,0,0
30019,30000009,28,0,0
30019,30000010,29,0,0
31019,190000009,1,0,0
31019,190000010,2,0,0
31019,190000011,3,0,0
31019,190000012,4,0,0
31019,190000013,5,0,0
31019,190000022,6,0,0
31019,190000024,7,0,0
31019,30000007,8,0,0
31019,30000008,9,0,0
31019,30000009,10,0,0
31019,30000010,11,0,0
31019,30000001,12,1,1
31029,30000001,1,0,0
31029,30000002,2,0,0
31029,30000003,3,0,0
31029,30000004,4,0,0
31029,30000005,5,0,0
31029,30000006,6,0,0
31029,190000001,7,0,0
31029,190000002,8,0,0
31029,190000003,9,0,0
31029,190000004,10,0,0
31029,190000005,11,0,0
31029,190000006,12,0,0
31029,190000081,13,0,0
31029,190000082,14,0,0
31029,190000007,15,0,0
31029,190000008,16,0,0
31029,190000009,17,1,1
46019,30000001,1,0,0
46019,30000002,2,0,0
46019,30000003,3,0,0
46019,30000004,4,0,0
46019,30000005,5,0,0
46019,30000006,6,0,0
46019,190000199,7,0,0
46019,190000999,8,0,0
46019,190000200,9,0,0
46019,190000037,10,0,0
46019,190000038,11,0,0
46019,190000039,12,0,0
46019,190000040,13,0,0
46019,190000041,14,0,0
46019,190000042,15,0,0
46019,190000043,16,0,0
46019,190000044,17,0,0
46019,190000045,18,0,0
46019,190000025,19,0,0
46019,30000012,20,0,0
46019,30000011,21,0,0
46019,30000007,22,0,0
46019,30000008,23,0,0
46019,30000009,24,0,0
46019,30000010,25,0,0
53019,190000009,1,0,0
53019,190000054,2,0,0
53019,190000055,3,0,0
53019,190000056,4,0,0
53019,190000097,5,0,0
53019,190000098,6,0,0
53019,190000099,7,0,0
53019,190000100,8,0,0
53019,190000057,9,0,0
53019,190000058,10,0,0
53019,190000059,11,0,0
53019,190000060,12,0,0
53019,190000061,13,0,0
53019,190000062,14,0,0
53019,190000063,15,0,0
53019,190000068,16,0,0
53019,190000069,17,0,0
53019,190000070,18,0,0
53019,190000071,19,0,0
53019,190000072,20,0,0
53019,190000074,21,0,0
53019,190000075,22,0,0
53019,190000076,23,0,0
53019,190000078,24,0,0
53019,190000079,25,0,0
53019,190000080,26,0,0
53019,190000128,27,0,0
53019,190000081,28,0,0
53019,190000082,29,0,0
53019,190000007,30,0,0
53019,190000008,31,0,0
56019,190000009,1,0,0
56019,190000054,2,0,0
56019,190000095,3,0,0
56019,190000096,4,0,0
56019,190000106,5,0,0
56019,190000107,6,0,0
56019,190000123,7,0,0
56019,190000124,8,0,0
56019,190000125,9,0,0
56019,190000126,10,0,0
56019,190000023,11,0,0
56019,190000088,12,0,0
56019,190000089,13,0,0
56019,190000055,14,0,0
56019,190000056,15,0,0
56019,190000021,16,0,0
61019,190000009,1,0,0
61019,190000083,2,0,0
61019,190000084,3,0,0
61019,190000087,4,0,0
61019,190000123,5,0,0
61019,190000124,6,0,0
61019,190000125,7,0,0
61019,190000126,8,0,0
61019,190000023,9,0,0
61019,190000106,10,0,0
61019,190000107,11,0,0
61019,190000086,12,0,0
61019,190000121,13,0,0
61019,190000120,14,0,0
61019,190000119,15,0,0
61019,190000092,16,0,0
61019,190000093,17,0,0
61019,190000094,18,0,0
61019,190000025,19,0,0
61019,190000026,20,0,0
61019,190000027,21,0,0
61019,190000028,22,0,0
61019,190000029,23,0,0
61019,190000030,24,0,0
61019,190000031,25,0,0
61019,190000032,26,0,0
61019,190000033,27,0,0
61019,190000034,28,0,0
61019,190000035,29,0,0
61019,190000007,30,0,0
61019,190000008,31,0,0
