46019,'1024244',1332,,493,17,,,0
46019,'1024245',832,,494,17,,,0
46019,'1024250',1202,,495,17,,,0
46019,'1024253',1602,,496,17,,,0
46019,'1024263',732,,497,17,,,0
46019,'1024264',1232,,498,17,,,0
46019,'1024266',802,,499,17,,,0
46019,'1024267',1432,,500,17,,,0
46019,'1024268',1632,,501,17,,,0
46019,'1024271',1502,,502,17,,,0
46019,'1024278',1702,,503,17,,,0
46019,'1024282',1132,,504,17,,,0
46019,'1024288',932,,505,17,,,0
46019,'1024289',1732,,506,17,,,0
46019,'1024295',1002,,507,17,,,0
46019,'1024296',1802,,508,17,,,0
46019,'1024297',1832,,509,17,,,0
46019,'1024300',1302,,510,17,,,0
46019,'1024301',902,,511,17,,,0
46019,'1024303',1532,,512,17,,,0
46019,'1024304',1102,,513,17,,,0
46019,'1024309',1402,,514,17,,,0
46019,'1024310',702,,515,17,,,0
46019,'1024312',1032,,516,17,,,0
