20019,'1026880',1305,2,161,22,,,0
20019,'1026881',1535,2,162,22,,,0
20019,'1026885',1805,2,163,22,,,0
20019,'1026887',1105,2,164,22,,,0
20019,'1026888',1505,2,165,22,,,0
20019,'1026889',905,2,166,22,,,0
20019,'1026891',1635,2,167,22,,,0
20019,'1026892',735,2,168,22,,,0
20019,'1026899',1205,2,169,22,,,0
20019,'1026900',1605,2,170,22,,,0
20019,'1026901',1835,2,171,22,,,0
20019,'1026903',935,2,172,22,,,0
20019,'1026905',1135,2,173,22,,,0
20019,'1026906',1235,2,174,22,,,0
20019,'1026907',1005,2,175,22,,,0
20019,'1026909',1735,2,176,22,,,0
20019,'1026911',705,2,177,22,,,0
20019,'1026912',1705,2,178,22,,,0
20019,'1026914',1405,2,179,22,,,0
20019,'1026915',805,2,180,22,,,0
20019,'1026918',835,2,181,22,,,0
20019,'1026919',1435,2,182,22,,,0
20019,'1026921',1335,2,183,22,,,0
20019,'1026922',1035,2,184,22,,,0
20019,'1031076',1205,2,185,22,,,0
20019,'1031114',905,2,186,22,,,0
20019,'1031117',1705,2,187,22,,,0
20019,'1031123',1505,2,188,22,,,0
20019,'1031134',1635,2,189,22,,,0
20019,'1031180',1435,2,190,22,,,0
20019,'1031230',1005,2,191,22,,,0
20019,'1031240',1805,2,192,22,,,0
20019,'1031246',1305,2,193,22,,,0
20019,'1031248',2005,2,194,22,,,0
20019,'1031270',1235,2,195,22,,,0
20019,'1031271',1735,2,196,22,,,0
20019,'1031273',1405,2,197,22,,,0
20019,'1031309',1135,2,198,22,,,0
20019,'1031316',2035,2,199,22,,,0
20019,'1031367',935,2,200,22,,,0
20019,'1031377',1835,2,201,22,,,0
20019,'1031397',1935,2,202,22,,,0
20019,'1031410',2105,2,203,22,,,0
20019,'1031412',1535,2,204,22,,,0
20019,'1031441',1905,2,205,22,,,0
20019,'1031442',1335,2,206,22,,,0
20019,'1031468',837,,207,22,,,0
20019,'1031488',1605,2,208,22,,,0
20019,'1031519',1035,2,209,22,,,0
20019,'1031541',1105,2,210,22,,,0
