20019,'1026880',1254,,161,10,,,0
20019,'1026881',1524,,162,10,,,0
20019,'1026885',1754,,163,10,,,0
20019,'1026887',1054,,164,10,,,0
20019,'1026888',1454,,165,10,,,0
20019,'1026889',854,,166,10,,,0
20019,'1026891',1624,,167,10,,,0
20019,'1026892',724,,168,10,,,0
20019,'1026899',1154,,169,10,,,0
20019,'1026900',1554,,170,10,,,0
20019,'1026901',1824,,171,10,,,0
20019,'1026903',924,,172,10,,,0
20019,'1026905',1124,,173,10,,,0
20019,'1026906',1224,,174,10,,,0
20019,'1026907',954,,175,10,,,0
20019,'1026909',1724,,176,10,,,0
20019,'1026911',654,,177,10,,,0
20019,'1026912',1654,,178,10,,,0
20019,'1026914',1354,,179,10,,,0
20019,'1026915',754,,180,10,,,0
20019,'1026918',824,,181,10,,,0
20019,'1026919',1424,,182,10,,,0
20019,'1026921',1324,,183,10,,,0
20019,'1026922',1024,,184,10,,,0
20019,'1031076',1154,,185,10,,,0
20019,'1031114',854,,186,10,,,0
20019,'1031117',1654,,187,10,,,0
20019,'1031123',1454,,188,10,,,0
20019,'1031134',1624,,189,10,,,0
20019,'1031180',1424,,190,10,,,0
20019,'1031230',954,,191,10,,,0
20019,'1031240',1754,,192,10,,,0
20019,'1031246',1254,,193,10,,,0
20019,'1031248',1954,,194,10,,,0
20019,'1031270',1224,,195,10,,,0
20019,'1031271',1724,,196,10,,,0
20019,'1031273',1354,,197,10,,,0
20019,'1031309',1124,,198,10,,,0
20019,'1031316',2024,,199,10,,,0
20019,'1031367',924,,200,10,,,0
20019,'1031377',1824,,201,10,,,0
20019,'1031397',1924,,202,10,,,0
20019,'1031410',2054,,203,10,,,0
20019,'1031412',1524,,204,10,,,0
20019,'1031441',1854,,205,10,,,0
20019,'1031442',1324,,206,10,,,0
20019,'1031468',824,,207,10,,,0
20019,'1031488',1554,,208,10,,,0
20019,'1031519',1024,,209,10,,,0
20019,'1031541',1054,,210,10,,,0
