30019,'1022006',1901,,341,19,,,0
30019,'1022019',2001,,342,19,,,0
30019,'1022024',1931,,343,19,,,0
30019,'1022033',2101,,344,19,,,0
30019,'1022037',2201,,345,19,,,0
30019,'1022062',2231,,346,19,,,0
30019,'1022075',2031,,347,19,,,0
30019,'1022083',2131,,348,19,,,0
30019,'1031079',1101,,350,5,,,0
30019,'1031081',831,,351,5,,,0
30019,'1031086',1001,,354,5,,,0
30019,'1031094',1331,,355,5,,,0
30019,'1031133',1801,,359,5,,,0
30019,'1031208',1901,,364,5,,,0
30019,'1031244',1731,,366,5,,,0
30019,'1031280',2031,,370,5,,,0
30019,'1031287',1701,,371,5,,,0
30019,'1031295',1201,,373,5,,,0
30019,'1031299',1531,,375,5,,,0
30019,'1031305',1931,,376,5,,,0
30019,'1031308',2001,,378,5,,,0
30019,'1031322',1831,,379,5,,,0
30019,'1031351',1031,,382,5,,,0
30019,'1031405',1501,,385,5,,,0
30019,'1031453',1431,,387,5,,,0
30019,'1031454',931,,388,5,,,0
30019,'1031463',1401,,389,5,,,0
30019,'1031464',901,,390,5,,,0
30019,'1031484',2101,,392,5,,,0
30019,'1031490',1631,,393,5,,,0
30019,'1031521',1231,,396,5,,,0
30019,'1031523',1131,,397,5,,,0
30019,'1031531',1601,,399,5,,,0
30019,'1031535',1301,,400,5,,,0
30019,'1031760',1331,,403,5,,,0
30019,'1031761',1001,,404,5,,,0
30019,'1031764',1731,,407,5,,,0
30019,'1031766',931,,409,5,,,0
30019,'1031767',1631,,410,5,,,0
30019,'1031769',1801,,412,5,,,0
30019,'1031770',1531,,413,5,,,0
30019,'1031772',1701,,415,5,,,0
30019,'1031774',901,,417,5,,,0
30019,'1031784',831,,427,5,,,0
30019,'1031785',1601,,428,5,,,0
30019,'1031787',1031,,430,5,,,0
30019,'1031788',1131,,431,5,,,0
30019,'1031789',1201,,432,5,,,0
30019,'1031791',1231,,434,5,,,0
30019,'1031792',1901,,435,5,,,0
30019,'1031793',1101,,436,5,,,0
30019,'1031797',1401,,440,5,,,0
30019,'1031798',1831,,441,5,,,0
30019,'1031799',1431,,442,5,,,0
30019,'1031800',1301,,443,5,,,0
30019,'1031801',1501,,444,5,,,0
