21019,'1021456',1102,,211,23,,,0
21019,'1021471',1702,,212,23,,,0
21019,'1021474',1832,,213,23,,,0
21019,'1021550',1032,,214,23,,,0
21019,'1021570',932,,215,23,,,0
21019,'1021573',1502,,216,23,,,0
21019,'1021593',1402,,217,23,,,0
21019,'1021602',1132,,218,23,,,0
21019,'1021624',1002,,219,23,,,0
21019,'1021627',802,,220,23,,,0
21019,'1021655',832,,221,23,,,0
21019,'1021727',1602,,222,23,,,0
21019,'1021738',1232,,223,23,,,0
21019,'1021744',902,,224,23,,,0
21019,'1021749',732,,225,23,,,0
21019,'1021766',1632,,226,23,,,0
21019,'1021767',1802,,227,23,,,0
21019,'1021782',1332,,228,23,,,0
21019,'1021819',1302,,229,23,,,0
21019,'1021826',1532,,230,23,,,0
21019,'1021829',1432,,231,23,,,0
21019,'1021844',702,,232,23,,,0
21019,'1021899',1202,,233,23,,,0
21019,'1021900',1732,,234,23,,,0
21019,'1026826',2137,,235,24,,,0
21019,'1026827',1937,,236,24,,,0
21019,'1026835',2207,,237,24,,,0
21019,'1026837',1907,,238,24,,,0
21019,'1026853',2037,,239,24,,,0
21019,'1026855',2007,,240,24,,,0
21019,'1026862',2237,,241,24,,,0
21019,'1026866',2107,,242,24,,,0
21019,'1031071',1832,,243,23,,,0
21019,'1031083',1502,,244,23,,,0
21019,'1031137',1902,,248,23,,,0
21019,'1031145',902,,249,23,,,0
21019,'1031161',1002,,251,23,,,0
21019,'1031163',1932,,252,23,,,0
21019,'1031195',1632,,253,23,,,0
21019,'1031197',1302,,254,23,,,0
21019,'1031218',1532,,257,23,,,0
21019,'1031220',2002,,258,23,,,0
21019,'1031247',1702,,260,23,,,0
21019,'1031262',2032,,262,23,,,0
21019,'1031279',1202,,265,23,,,0
21019,'1031311',1732,,269,23,,,0
21019,'1031341',2102,,274,23,,,0
21019,'1031358',1602,,277,23,,,0
21019,'1031382',1432,,279,23,,,0
21019,'1031418',1132,,280,23,,,0
21019,'1031432',1332,,282,23,,,0
21019,'1031447',1402,,284,23,,,0
21019,'1031451',1032,,285,23,,,0
21019,'1031456',932,,286,23,,,0
21019,'1031460',832,,287,23,,,0
21019,'1031465',1102,,288,23,,,0
21019,'1031508',1802,,289,23,,,0
21019,'1031525',1232,,290,23,,,0
