30019,'1022006',1855,,341,12,,,0
30019,'1022019',1955,,342,12,,,0
30019,'1022024',1925,,343,12,,,0
30019,'1022033',2055,,344,12,,,0
30019,'1022037',2155,,345,12,,,0
30019,'1022062',2225,,346,12,,,0
30019,'1022075',2025,,347,12,,,0
30019,'1022083',2125,,348,12,,,0
30019,'1031077',955,,349,12,,,0
30019,'1031082',1425,,352,12,,,0
30019,'1031084',2025,,353,12,,,0
30019,'1031097',1355,,356,12,,,0
30019,'1031098',1055,,357,12,,,0
30019,'1031109',925,,358,12,,,0
30019,'1031136',1325,,360,12,,,0
30019,'1031151',1225,,361,12,,,0
30019,'1031178',1955,,362,12,,,0
30019,'1031191',2055,,363,12,,,0
30019,'1031234',1855,,365,12,,,0
30019,'1031251',1125,,367,12,,,0
30019,'1031253',855,,368,12,,,0
30019,'1031265',1455,,369,12,,,0
30019,'1031290',1725,,372,12,,,0
30019,'1031297',1825,,374,12,,,0
30019,'1031307',1525,,377,12,,,0
30019,'1031326',1625,,380,12,,,0
30019,'1031338',1555,,381,12,,,0
30019,'1031352',1025,,383,12,,,0
30019,'1031361',825,,384,12,,,0
30019,'1031450',1655,,386,12,,,0
30019,'1031479',1755,,391,12,,,0
30019,'1031507',1155,,394,12,,,0
30019,'1031512',1255,,395,12,,,0
30019,'1031524',1925,,398,12,,,0
30019,'1031758',1125,,401,12,,,0
30019,'1031759',1255,,402,12,,,0
30019,'1031762',855,,405,12,,,0
30019,'1031763',1655,,406,12,,,0
30019,'1031765',955,,408,12,,,0
30019,'1031768',1825,,411,12,,,0
30019,'1031771',925,,414,12,,,0
30019,'1031773',1355,,416,12,,,0
30019,'1031775',1555,,418,12,,,0
30019,'1031776',1855,,419,12,,,0
30019,'1031777',1625,,420,12,,,0
30019,'1031778',825,,421,12,,,0
30019,'1031779',1325,,422,12,,,0
30019,'1031780',1725,,423,12,,,0
30019,'1031781',1525,,424,12,,,0
30019,'1031782',1425,,425,12,,,0
30019,'1031783',1755,,426,12,,,0
30019,'1031786',1155,,429,12,,,0
30019,'1031790',1025,,433,12,,,0
30019,'1031794',1455,,437,12,,,0
30019,'1031795',1055,,438,12,,,0
30019,'1031796',1225,,439,12,,,0
61019,'1023602',2223,,671,28,,,0
61019,'1023604',1052,,672,22,,,0
61019,'1023607',1153,,673,22,,,0
61019,'1023608',1523,,674,22,,,0
61019,'1023609',1553,,675,22,,,0
61019,'1023612',753,,676,22,,,0
61019,'1023613',1353,,677,22,,,0
61019,'1023615',2053,,678,28,,,0
61019,'1023616',1623,,679,22,,,0
61019,'1023617',722,,680,22,,,0
61019,'1023618',1822,,681,22,,,0
61019,'1023622',2153,,682,28,,,0
61019,'1023625',1323,,683,22,,,0
61019,'1023627',1853,,684,28,,,0
61019,'1023628',1923,,685,28,,,0
61019,'1023629',953,,686,22,,,0
61019,'1023630',1453,,687,22,,,0
61019,'1023631',653,,688,22,,,0
61019,'1023633',1423,,689,22,,,0
61019,'1023634',1653,,690,22,,,0
61019,'1023637',852,,691,22,,,0
61019,'1023640',2023,,692,28,,,0
61019,'1023642',923,,693,22,,,0
61019,'1023643',1723,,694,22,,,0
61019,'1023646',1753,,695,22,,,0
61019,'1023647',1253,,696,22,,,0
61019,'1023649',1953,,697,28,,,0
61019,'1023650',1123,,698,22,,,0
61019,'1023651',1023,,699,22,,,0
61019,'1023653',822,,700,22,,,0
61019,'1023654',2123,,701,28,,,0
61019,'1023655',1223,,702,22,,,0
61019,'1031073',1153,,703,22,,,0
61019,'1031088',1023,,704,22,,,0
61019,'1031106',1553,,705,22,,,0
61019,'1031112',1553,,706,22,,,0
61019,'1031128',953,,707,22,,,0
61019,'1031140',1023,,708,22,,,0
61019,'1031141',1153,,709,22,,,0
61019,'1031143',1353,,710,22,,,0
61019,'1031150',1823,,711,22,,,0
61019,'1031153',1953,,712,22,,,0
61019,'1031155',1353,,713,22,,,0
61019,'1031162',1623,,714,22,,,0
61019,'1031165',1853,,715,22,,,0
61019,'1031173',1323,,716,22,,,0
61019,'1031179',1123,,717,22,,,0
61019,'1031199',1253,,718,22,,,0
61019,'1031206',1323,,719,22,,,0
61019,'1031222',1753,,720,22,,,0
61019,'1031225',923,,721,22,,,0
61019,'1031226',2023,,722,22,,,0
61019,'1031228',1853,,723,22,,,0
61019,'1031252',853,,724,22,,,0
61019,'1031258',853,,725,22,,,0
61019,'1031260',823,,726,22,,,0
61019,'1031277',1723,,727,22,,,0
61019,'1031293',1523,,728,22,,,0
61019,'1031304',1423,,729,22,,,0
61019,'1031313',1123,,730,22,,,0
61019,'1031330',1453,,731,22,,,0
61019,'1031331',2053,,732,22,,,0
61019,'1031335',823,,733,22,,,0
61019,'1031357',1423,,734,22,,,0
61019,'1031359',1823,,735,22,,,0
61019,'1031360',1923,,736,22,,,0
61019,'1031362',1053,,737,22,,,0
61019,'1031375',1523,,738,22,,,0
61019,'1031384',1653,,739,22,,,0
61019,'1031388',1223,,740,22,,,0
61019,'1031391',1923,,741,22,,,0
61019,'1031407',1753,,742,22,,,0
61019,'1031411',1223,,743,22,,,0
61019,'1031414',923,,744,22,,,0
61019,'1031435',1623,,745,22,,,0
61019,'1031457',1653,,746,22,,,0
61019,'1031462',1253,,747,22,,,0
61019,'1031483',953,,748,22,,,0
61019,'1031501',1453,,749,22,,,0
61019,'1031516',1053,,750,22,,,0
61019,'1031526',1723,,751,22,,,0
