20019,'1026880',1300,,161,16,,,0
20019,'1026881',1530,,162,16,,,0
20019,'1026885',1800,,163,16,,,0
20019,'1026887',1100,,164,16,,,0
20019,'1026888',1500,,165,16,,,0
20019,'1026889',900,,166,16,,,0
20019,'1026891',1630,,167,16,,,0
20019,'1026892',730,,168,16,,,0
20019,'1026899',1200,,169,16,,,0
20019,'1026900',1600,,170,16,,,0
20019,'1026901',1830,,171,16,,,0
20019,'1026903',930,,172,16,,,0
20019,'1026905',1130,,173,16,,,0
20019,'1026906',1230,,174,16,,,0
20019,'1026907',1000,,175,16,,,0
20019,'1026909',1730,,176,16,,,0
20019,'1026911',700,,177,16,,,0
20019,'1026912',1700,,178,16,,,0
20019,'1026914',1400,,179,16,,,0
20019,'1026915',759,,180,16,,,0
20019,'1026918',830,,181,16,,,0
20019,'1026919',1430,,182,16,,,0
20019,'1026921',1330,,183,16,,,0
20019,'1026922',1030,,184,16,,,0
20019,'1031076',1200,,185,16,,,0
20019,'1031114',900,,186,16,,,0
20019,'1031117',1700,,187,16,,,0
20019,'1031123',1500,,188,16,,,0
20019,'1031134',1630,,189,16,,,0
20019,'1031180',1430,,190,16,,,0
20019,'1031230',1000,,191,16,,,0
20019,'1031240',1800,,192,16,,,0
20019,'1031246',1300,,193,16,,,0
20019,'1031248',2000,,194,16,,,0
20019,'1031270',1230,,195,16,,,0
20019,'1031271',1730,,196,16,,,0
20019,'1031273',1400,,197,16,,,0
20019,'1031309',1130,,198,16,,,0
20019,'1031316',2030,,199,16,,,0
20019,'1031367',930,,200,16,,,0
20019,'1031377',1830,,201,16,,,0
20019,'1031397',1930,,202,16,,,0
20019,'1031410',2100,,203,16,,,0
20019,'1031412',1530,,204,16,,,0
20019,'1031441',1900,,205,16,,,0
20019,'1031442',1330,,206,16,,,0
20019,'1031468',830,,207,16,,,0
20019,'1031488',1600,,208,16,,,0
20019,'1031519',1030,,209,16,,,0
20019,'1031541',1100,,210,16,,,0
