46019,'1024244',1332,,493,18,,,0
46019,'1024245',832,,494,18,,,0
46019,'1024250',1202,,495,18,,,0
46019,'1024253',1602,,496,18,,,0
46019,'1024263',732,,497,18,,,0
46019,'1024264',1232,,498,18,,,0
46019,'1024266',802,,499,18,,,0
46019,'1024267',1432,,500,18,,,0
46019,'1024268',1632,,501,18,,,0
46019,'1024271',1502,,502,18,,,0
46019,'1024278',1702,,503,18,,,0
46019,'1024282',1132,,504,18,,,0
46019,'1024288',932,,505,18,,,0
46019,'1024289',1732,,506,18,,,0
46019,'1024295',1002,,507,18,,,0
46019,'1024296',1802,,508,18,,,0
46019,'1024297',1832,,509,18,,,0
46019,'1024300',1302,,510,18,,,0
46019,'1024301',902,,511,18,,,0
46019,'1024303',1532,,512,18,,,0
46019,'1024304',1102,,513,18,,,0
46019,'1024309',1402,,514,18,,,0
46019,'1024310',702,,515,18,,,0
46019,'1024312',1032,,516,18,,,0
