11019,'1032754',1417,,81,5,,,0
11019,'1032757',847,,82,5,,,0
11019,'1032758',1317,,83,5,,,0
11019,'1032760',2217,,84,5,,,0
11019,'1032761',2047,,85,5,,,0
11019,'1032765',1747,,86,5,,,0
11019,'1032766',1517,,87,5,,,0
11019,'1032768',1517,,88,5,,,0
11019,'1032771',2017,,89,5,,,0
11019,'1032772',1347,,90,5,,,0
11019,'1032774',847,,91,5,,,0
11019,'1032775',947,,92,5,,,0
11019,'1032776',1817,,93,5,,,0
11019,'1032777',1117,,94,5,,,0
11019,'1032779',1717,,95,5,,,0
11019,'1032780',1447,,96,5,,,0
11019,'1032781',1617,,97,5,,,0
11019,'1032784',1217,,98,5,,,0
11019,'1032785',1817,,99,5,,,0
11019,'1032787',1547,,100,5,,,0
11019,'1032795',1347,,101,5,,,0
11019,'1032796',1147,,102,5,,,0
11019,'1032798',1447,,103,5,,,0
11019,'1032801',1317,,104,5,,,0
11019,'1032803',1017,,105,5,,,0
11019,'1032804',1247,,106,5,,,0
11019,'1032807',1747,,107,5,,,0
11019,'1032809',1947,,108,5,,,0
11019,'1032810',1417,,109,5,,,0
11019,'1032814',1547,,110,5,,,0
11019,'1032816',1947,,111,5,,,0
11019,'1032817',1917,,112,5,,,0
11019,'1032820',847,,113,5,,,0
11019,'1032821',1217,,114,5,,,0
11019,'1032822',917,,115,5,,,0
11019,'1032823',947,,116,5,,,0
11019,'1032824',1017,,117,5,,,0
11019,'1032826',1647,,118,5,,,0
11019,'1032827',1047,,119,5,,,0
11019,'1032828',747,,120,5,,,0
11019,'1032831',1317,,121,5,,,0
11019,'1032834',1017,,122,5,,,0
11019,'1032838',2047,,123,5,,,0
11019,'1032839',1747,,124,5,,,0
11019,'1032841',1917,,125,5,,,0
11019,'1032846',717,,126,5,,,0
11019,'1032848',1847,,127,5,,,0
11019,'1032850',1547,,128,5,,,0
11019,'1032857',1817,,129,5,,,0
11019,'1032858',2017,,130,5,,,0
11019,'1032860',1047,,131,5,,,0
11019,'1032862',1847,,132,5,,,0
11019,'1032865',817,,133,5,,,0
11019,'1032866',917,,134,5,,,0
11019,'1032867',1617,,135,5,,,0
11019,'1032871',1647,,136,5,,,0
11019,'1032872',1417,,137,5,,,0
11019,'1032875',1117,,138,5,,,0
11019,'1032876',1117,,139,5,,,0
11019,'1032881',1847,,140,5,,,0
11019,'1032882',917,,141,5,,,0
11019,'1032883',2118,,142,5,,,0
11019,'1032885',1717,,143,5,,,0
11019,'1032887',1717,,144,5,,,0
11019,'1032890',1617,,145,5,,,0
11019,'1032892',947,,146,5,,,0
11019,'1032894',1247,,147,5,,,0
11019,'1032896',1047,,148,5,,,0
11019,'1032901',1147,,149,5,,,0
11019,'1032904',2147,,150,5,,,0
11019,'1032906',1247,,151,5,,,0
11019,'1032908',817,,152,5,,,0
11019,'1032909',817,,153,5,,,0
11019,'1032911',1347,,154,5,,,0
11019,'1032913',647,,155,5,,,0
11019,'1032917',1217,,156,5,,,0
11019,'1032919',1517,,157,5,,,0
11019,'1032926',1447,,158,5,,,0
11019,'1032928',1147,,159,5,,,0
11019,'1032930',1647,,160,5,,,0
