21019,'1021456',1049,,211,9,,,0
21019,'1021471',1649,,212,9,,,0
21019,'1021474',1819,,213,9,,,0
21019,'1021550',1019,,214,9,,,0
21019,'1021570',919,,215,9,,,0
21019,'1021573',1449,,216,9,,,0
21019,'1021593',1349,,217,9,,,0
21019,'1021602',1119,,218,9,,,0
21019,'1021624',949,,219,9,,,0
21019,'1021627',749,,220,9,,,0
21019,'1021655',819,,221,9,,,0
21019,'1021727',1549,,222,9,,,0
21019,'1021738',1219,,223,9,,,0
21019,'1021744',849,,224,9,,,0
21019,'1021749',719,,225,9,,,0
21019,'1021766',1619,,226,9,,,0
21019,'1021767',1749,,227,9,,,0
21019,'1021782',1319,,228,9,,,0
21019,'1021819',1249,,229,9,,,0
21019,'1021826',1519,,230,9,,,0
21019,'1021829',1419,,231,9,,,0
21019,'1021844',649,,232,9,,,0
21019,'1021899',1149,,233,9,,,0
21019,'1021900',1719,,234,9,,,0
21019,'1026826',2119,,235,9,,,0
21019,'1026827',1919,,236,9,,,0
21019,'1026835',2149,,237,9,,,0
21019,'1026837',1849,,238,9,,,0
21019,'1026853',2019,,239,9,,,0
21019,'1026855',1949,,240,9,,,0
21019,'1026862',2219,,241,9,,,0
21019,'1026866',2049,,242,9,,,0
21019,'1031071',1819,,243,9,,,0
21019,'1031083',1449,,244,9,,,0
21019,'1031101',1819,,245,9,,,0
21019,'1031108',1649,,246,9,,,0
21019,'1031131',1719,,247,9,,,0
21019,'1031137',1849,,248,9,,,0
21019,'1031145',849,,249,9,,,0
21019,'1031147',1519,,250,9,,,0
21019,'1031161',949,,251,9,,,0
21019,'1031163',1919,,252,9,,,0
21019,'1031195',1619,,253,9,,,0
21019,'1031197',1249,,254,9,,,0
21019,'1031215',919,,255,9,,,0
21019,'1031216',849,,256,9,,,0
21019,'1031218',1519,,257,9,,,0
21019,'1031220',1949,,258,9,,,0
21019,'1031241',1219,,259,9,,,0
21019,'1031247',1649,,260,9,,,0
21019,'1031256',1349,,261,9,,,0
21019,'1031262',2019,,262,9,,,0
21019,'1031266',1849,,263,9,,,0
21019,'1031268',1249,,264,9,,,0
21019,'1031279',1149,,265,9,,,0
21019,'1031281',1019,,266,9,,,0
21019,'1031285',1049,,267,9,,,0
21019,'1031298',1749,,268,9,,,0
21019,'1031311',1719,,269,9,,,0
21019,'1031314',949,,270,9,,,0
21019,'1031315',1549,,271,9,,,0
21019,'1031328',1119,,272,9,,,0
21019,'1031332',819,,273,9,,,0
21019,'1031341',2049,,274,9,,,0
21019,'1031345',1319,,275,9,,,0
21019,'1031349',1449,,276,9,,,0
21019,'1031358',1549,,277,9,,,0
21019,'1031372',1149,,278,9,,,0
21019,'1031382',1419,,279,9,,,0
21019,'1031418',1119,,280,9,,,0
21019,'1031425',1619,,281,9,,,0
21019,'1031432',1319,,282,9,,,0
21019,'1031446',1419,,283,9,,,0
21019,'1031447',1349,,284,9,,,0
21019,'1031451',1019,,285,9,,,0
21019,'1031456',919,,286,9,,,0
21019,'1031460',819,,287,9,,,0
21019,'1031465',1049,,288,9,,,0
21019,'1031508',1749,,289,9,,,0
21019,'1031525',1219,,290,9,,,0
