10019,'1034055',1656,,1,13,,,0
10019,'1034056',1856,,2,13,,,0
10019,'1034058',1756,,3,13,,,0
10019,'1034059',726,,4,13,,,0
10019,'1034062',1526,,5,13,,,0
10019,'1034063',1356,,6,13,,,0
10019,'1034066',1226,,7,13,,,0
10019,'1034067',2056,,8,13,,,0
10019,'1034068',1956,,9,13,,,0
10019,'1034071',1256,,10,13,,,0
10019,'1034073',1826,,11,13,,,0
10019,'1034075',2156,,12,13,,,0
10019,'1034076',926,,13,13,,,0
10019,'1034078',1556,,14,13,,,0
10019,'1034080',956,,15,13,,,0
10019,'1034081',2126,,16,13,,,0
10019,'1034084',1856,,17,13,,,0
10019,'1034086',1856,,18,13,,,0
10019,'1034088',1756,,19,13,,,0
10019,'1034089',1026,,20,13,,,0
10019,'1034090',1526,,21,13,,,0
10019,'1034093',2026,,22,13,,,0
10019,'1034096',1756,,23,13,,,0
10019,'1034097',956,,24,13,,,0
10019,'1034098',1726,,25,13,,,0
10019,'1034099',856,,26,13,,,0
10019,'1034101',1426,,27,13,,,0
10019,'1034103',1256,,28,13,,,0
10019,'1034109',2226,,29,13,,,0
10019,'1034110',1026,,30,13,,,0
10019,'1034111',1726,,31,13,,,0
10019,'1034112',1826,,32,13,,,0
10019,'1034114',1456,,33,13,,,0
10019,'1034117',1156,,34,13,,,0
10019,'1034118',1426,,35,13,,,0
10019,'1034119',1526,,36,13,,,0
10019,'1034125',1126,,37,13,,,0
10019,'1034129',856,,38,13,,,0
10019,'1034130',1026,,39,13,,,0
10019,'1034131',1326,,40,13,,,0
10019,'1034132',1426,,41,13,,,0
10019,'1034133',1156,,42,13,,,0
10019,'1034134',1656,,43,13,,,0
10019,'1034137',1626,,44,13,,,0
10019,'1034138',1056,,45,13,,,0
10019,'1034141',1226,,46,13,,,0
10019,'1034142',1226,,47,13,,,0
10019,'1034143',926,,48,13,,,0
10019,'1034146',1356,,49,13,,,0
10019,'1034147',1456,,50,13,,,0
10019,'1034148',1126,,51,13,,,0
10019,'1034152',1956,,52,13,,,0
10019,'1034153',1926,,53,13,,,0
10019,'1034156',826,,54,13,,,0
10019,'1034159',1626,,55,13,,,0
10019,'1034160',826,,56,13,,,0
10019,'1034163',1556,,57,13,,,0
10019,'1034164',1726,,58,13,,,0
10019,'1034166',1826,,59,13,,,0
10019,'1034167',1626,,60,13,,,0
10019,'1034170',1326,,61,13,,,0
10019,'1034171',756,,62,13,,,0
10019,'1034172',1656,,63,13,,,0
10019,'1034173',926,,64,13,,,0
10019,'1034174',1556,,65,13,,,0
10019,'1034175',1326,,66,13,,,0
10019,'1034176',826,,67,13,,,0
10019,'1034177',1156,,68,13,,,0
10019,'1034180',2056,,69,13,,,0
10019,'1034181',1256,,70,13,,,0
10019,'1034184',956,,71,13,,,0
10019,'1034186',2026,,72,13,,,0
10019,'1034188',1126,,73,13,,,0
10019,'1034189',1356,,74,13,,,0
10019,'1034191',1456,,75,13,,,0
10019,'1034197',1056,,76,13,,,0
10019,'1034201',1056,,77,13,,,0
10019,'1034203',656,,78,13,,,0
10019,'1034206',856,,79,13,,,0
10019,'1034207',1926,,80,13,,,0
