21019,'1021456',1103,,211,26,,,0
21019,'1021471',1703,,212,26,,,0
21019,'1021474',1833,,213,26,,,0
21019,'1021550',1033,,214,26,,,0
21019,'1021570',933,,215,26,,,0
21019,'1021573',1503,,216,26,,,0
21019,'1021593',1403,,217,26,,,0
21019,'1021602',1133,,218,26,,,0
21019,'1021624',1003,,219,26,,,0
21019,'1021627',803,,220,26,,,0
21019,'1021655',833,,221,26,,,0
21019,'1021727',1603,,222,26,,,0
21019,'1021738',1233,,223,26,,,0
21019,'1021744',903,,224,26,,,0
21019,'1021749',733,,225,26,,,0
21019,'1021766',1633,,226,26,,,0
21019,'1021767',1803,,227,26,,,0
21019,'1021782',1333,,228,26,,,0
21019,'1021819',1303,,229,26,,,0
21019,'1021826',1533,,230,26,,,0
21019,'1021829',1433,,231,26,,,0
21019,'1021844',703,,232,26,,,0
21019,'1021899',1203,,233,26,,,0
21019,'1021900',1733,,234,26,,,0
21019,'1026826',2137,,235,27,,,0
21019,'1026827',1937,,236,27,,,0
21019,'1026835',2207,,237,27,,,0
21019,'1026837',1907,,238,27,,,0
21019,'1026853',2037,,239,27,,,0
21019,'1026855',2007,,240,27,,,0
21019,'1026862',2237,,241,27,,,0
21019,'1026866',2107,,242,27,,,0
21019,'1031071',1833,,243,26,,,0
21019,'1031083',1503,,244,26,,,0
21019,'1031101',1837,,245,26,,,0
21019,'1031108',1707,,246,26,,,0
21019,'1031131',1737,,247,26,,,0
21019,'1031137',1903,,248,26,,,0
21019,'1031145',903,,249,26,,,0
21019,'1031147',1537,,250,26,,,0
21019,'1031161',1003,,251,26,,,0
21019,'1031163',1933,,252,26,,,0
21019,'1031195',1633,,253,26,,,0
21019,'1031197',1303,,254,26,,,0
21019,'1031215',937,,255,26,,,0
21019,'1031216',907,,256,26,,,0
21019,'1031218',1533,,257,26,,,0
21019,'1031220',2003,,258,26,,,0
21019,'1031241',1237,,259,26,,,0
21019,'1031247',1703,,260,26,,,0
21019,'1031256',1407,,261,26,,,0
21019,'1031262',2033,,262,26,,,0
21019,'1031266',1907,,263,26,,,0
21019,'1031268',1307,,264,26,,,0
21019,'1031279',1203,,265,26,,,0
21019,'1031281',1037,,266,26,,,0
21019,'1031285',1107,,267,26,,,0
21019,'1031298',1807,,268,26,,,0
21019,'1031311',1733,,269,26,,,0
21019,'1031314',1007,,270,26,,,0
21019,'1031315',1607,,271,26,,,0
21019,'1031328',1137,,272,26,,,0
21019,'1031332',837,,273,26,,,0
21019,'1031341',2103,,274,26,,,0
21019,'1031345',1337,,275,26,,,0
21019,'1031349',1507,,276,26,,,0
21019,'1031358',1603,,277,26,,,0
21019,'1031372',1207,,278,26,,,0
21019,'1031382',1433,,279,26,,,0
21019,'1031418',1133,,280,26,,,0
21019,'1031425',1637,,281,26,,,0
21019,'1031432',1333,,282,26,,,0
21019,'1031446',1437,,283,26,,,0
21019,'1031447',1403,,284,26,,,0
21019,'1031451',1033,,285,26,,,0
21019,'1031456',933,,286,26,,,0
21019,'1031460',833,,287,26,,,0
21019,'1031465',1103,,288,26,,,0
21019,'1031508',1803,,289,26,,,0
21019,'1031525',1233,,290,26,,,0
