21019,'1021456',1110,,211,31,,,0
21019,'1021471',1710,,212,31,,,0
21019,'1021474',1840,,213,31,,,0
21019,'1021550',1038,,214,31,,,0
21019,'1021570',940,,215,31,,,0
21019,'1021573',1510,,216,31,,,0
21019,'1021593',1410,,217,31,,,0
21019,'1021602',1140,,218,31,,,0
21019,'1021624',1010,,219,31,,,0
21019,'1021627',810,,220,31,,,0
21019,'1021655',840,,221,31,,,0
21019,'1021727',1610,,222,31,,,0
21019,'1021738',1240,,223,31,,,0
21019,'1021744',910,,224,31,,,0
21019,'1021749',740,,225,31,,,0
21019,'1021766',1640,,226,31,,,0
21019,'1021767',1810,,227,31,,,0
21019,'1021782',1340,,228,31,,,0
21019,'1021819',1310,,229,31,,,0
21019,'1021826',1540,,230,31,,,0
21019,'1021829',1440,,231,31,,,0
21019,'1021844',710,,232,31,,,0
21019,'1021899',1210,,233,31,,,0
21019,'1021900',1740,,234,31,,,0
21019,'1026826',2140,,235,32,,,0
21019,'1026827',1940,,236,32,,,0
21019,'1026835',2210,,237,32,,,0
21019,'1026837',1910,,238,32,,,0
21019,'1026853',2040,2,239,32,,,0
21019,'1026855',2010,,240,32,,,0
21019,'1026862',2240,,241,32,,,0
21019,'1026866',2110,,242,32,,,0
21019,'1031071',1840,,243,31,,,0
21019,'1031083',1510,,244,31,,,0
21019,'1031101',1840,,245,31,,,0
21019,'1031108',1710,,246,31,,,0
21019,'1031131',1740,,247,31,,,0
21019,'1031137',1909,,248,31,,,0
21019,'1031145',910,,249,31,,,0
21019,'1031147',1540,,250,31,,,0
21019,'1031161',1010,,251,31,,,0
21019,'1031163',1940,,252,31,,,0
21019,'1031195',1640,,253,31,,,0
21019,'1031197',1310,,254,31,,,0
21019,'1031215',940,,255,31,,,0
21019,'1031216',910,,256,31,,,0
21019,'1031218',1540,,257,31,,,0
21019,'1031220',2010,,258,31,,,0
21019,'1031241',1240,,259,31,,,0
21019,'1031247',1710,,260,31,,,0
21019,'1031256',1410,,261,31,,,0
21019,'1031262',2040,,262,31,,,0
21019,'1031266',1909,,263,31,,,0
21019,'1031268',1310,,264,31,,,0
21019,'1031279',1210,,265,31,,,0
21019,'1031281',1040,,266,31,,,0
21019,'1031285',1110,,267,31,,,0
21019,'1031298',1810,,268,31,,,0
21019,'1031311',1740,,269,31,,,0
21019,'1031314',1010,,270,31,,,0
21019,'1031315',1610,,271,31,,,0
21019,'1031328',1140,,272,31,,,0
21019,'1031332',840,,273,31,,,0
21019,'1031341',2110,,274,31,,,0
21019,'1031345',1340,,275,31,,,0
21019,'1031349',1510,,276,31,,,0
21019,'1031358',1610,,277,31,,,0
21019,'1031372',1210,,278,31,,,0
21019,'1031382',1440,,279,31,,,0
21019,'1031418',1140,,280,31,,,0
21019,'1031425',1640,,281,31,,,0
21019,'1031432',1340,,282,31,,,0
21019,'1031446',1440,,283,31,,,0
21019,'1031447',1410,,284,31,,,0
21019,'1031451',1040,,285,31,,,0
21019,'1031456',940,,286,31,,,0
21019,'1031460',840,,287,31,,,0
21019,'1031465',1110,,288,31,,,0
21019,'1031508',1810,,289,31,,,0
21019,'1031525',1240,,290,31,,,0
