20019,'1026880',1302,,161,21,,,0
20019,'1026881',1532,,162,21,,,0
20019,'1026885',1802,,163,21,,,0
20019,'1026887',1102,,164,21,,,0
20019,'1026888',1502,,165,21,,,0
20019,'1026889',902,,166,21,,,0
20019,'1026891',1632,,167,21,,,0
20019,'1026892',732,,168,21,,,0
20019,'1026899',1202,,169,21,,,0
20019,'1026900',1602,,170,21,,,0
20019,'1026901',1832,,171,21,,,0
20019,'1026903',932,,172,21,,,0
20019,'1026905',1132,,173,21,,,0
20019,'1026906',1232,,174,21,,,0
20019,'1026907',1002,,175,21,,,0
20019,'1026909',1732,,176,21,,,0
20019,'1026911',702,,177,21,,,0
20019,'1026912',1702,,178,21,,,0
20019,'1026914',1402,,179,21,,,0
20019,'1026915',802,,180,21,,,0
20019,'1026918',832,,181,21,,,0
20019,'1026919',1432,,182,21,,,0
20019,'1026921',1332,,183,21,,,0
20019,'1026922',1032,,184,21,,,0
20019,'1031076',1202,,185,21,,,0
20019,'1031114',902,,186,21,,,0
20019,'1031117',1702,,187,21,,,0
20019,'1031123',1502,,188,21,,,0
20019,'1031134',1632,,189,21,,,0
20019,'1031180',1432,,190,21,,,0
20019,'1031230',1002,,191,21,,,0
20019,'1031240',1802,,192,21,,,0
20019,'1031246',1302,,193,21,,,0
20019,'1031248',2002,,194,21,,,0
20019,'1031270',1232,,195,21,,,0
20019,'1031271',1732,,196,21,,,0
20019,'1031273',1402,,197,21,,,0
20019,'1031309',1132,,198,21,,,0
20019,'1031316',2032,,199,21,,,0
20019,'1031367',932,,200,21,,,0
20019,'1031377',1832,,201,21,,,0
20019,'1031397',1932,,202,21,,,0
20019,'1031410',2102,,203,21,,,0
20019,'1031412',1532,,204,21,,,0
20019,'1031441',1902,,205,21,,,0
20019,'1031442',1332,,206,21,,,0
20019,'1031468',836,,207,21,,,0
20019,'1031488',1602,,208,21,,,0
20019,'1031519',1032,,209,21,,,0
20019,'1031541',1102,,210,21,,,0
