20019,'1026880',1253,,161,9,,,0
20019,'1026881',1523,,162,9,,,0
20019,'1026885',1753,,163,9,,,0
20019,'1026887',1053,,164,9,,,0
20019,'1026888',1453,,165,9,,,0
20019,'1026889',853,,166,9,,,0
20019,'1026891',1623,,167,9,,,0
20019,'1026892',723,,168,9,,,0
20019,'1026899',1153,,169,9,,,0
20019,'1026900',1553,,170,9,,,0
20019,'1026901',1823,,171,9,,,0
20019,'1026903',923,,172,9,,,0
20019,'1026905',1123,,173,9,,,0
20019,'1026906',1223,,174,9,,,0
20019,'1026907',953,,175,9,,,0
20019,'1026909',1723,,176,9,,,0
20019,'1026911',653,,177,9,,,0
20019,'1026912',1653,,178,9,,,0
20019,'1026914',1353,,179,9,,,0
20019,'1026915',753,,180,9,,,0
20019,'1026918',823,,181,9,,,0
20019,'1026919',1423,,182,9,,,0
20019,'1026921',1323,,183,9,,,0
20019,'1026922',1023,,184,9,,,0
20019,'1031076',1153,,185,9,,,0
20019,'1031114',853,,186,9,,,0
20019,'1031117',1653,,187,9,,,0
20019,'1031123',1453,,188,9,,,0
20019,'1031134',1623,,189,9,,,0
20019,'1031180',1423,,190,9,,,0
20019,'1031230',953,,191,9,,,0
20019,'1031240',1753,,192,9,,,0
20019,'1031246',1253,,193,9,,,0
20019,'1031248',1953,,194,9,,,0
20019,'1031270',1223,,195,9,,,0
20019,'1031271',1723,,196,9,,,0
20019,'1031273',1353,,197,9,,,0
20019,'1031309',1123,,198,9,,,0
20019,'1031316',2023,,199,9,,,0
20019,'1031367',923,,200,9,,,0
20019,'1031377',1823,,201,9,,,0
20019,'1031397',1923,,202,9,,,0
20019,'1031410',2053,,203,9,,,0
20019,'1031412',1523,,204,9,,,0
20019,'1031441',1853,,205,9,,,0
20019,'1031442',1323,,206,9,,,0
20019,'1031468',823,,207,9,,,0
20019,'1031488',1553,,208,9,,,0
20019,'1031519',1023,,209,9,,,0
20019,'1031541',1053,,210,9,,,0
