53019,'1024242',1907,,517,4,,,0
53019,'1024246',2037,,518,4,,,0
53019,'1024254',2107,,519,4,,,0
53019,'1024269',2007,,520,4,,,0
53019,'1024272',2137,,521,4,,,0
53019,'1024279',2207,,522,4,,,0
53019,'1024280',1837,,523,4,,,0
53019,'1024313',1937,,524,4,,,0
56019,'1023995',919,,598,15,,,0
56019,'1023996',1049,,599,15,,,0
56019,'1024001',819,,600,15,,,0
56019,'1024009',1019,,601,15,,,0
56019,'1024011',1822,,602,15,,,0
56019,'1024012',1119,,603,15,,,0
56019,'1024019',1551,,604,15,,,0
56019,'1024026',1521,,605,15,,,0
56019,'1024027',1751,,606,15,,,0
56019,'1024031',1151,,607,15,,,0
56019,'1024039',1451,,608,15,,,0
56019,'1024041',651,,609,15,,,0
56019,'1024069',849,,610,15,,,0
56019,'1024071',951,,611,15,,,0
56019,'1024080',721,,612,15,,,0
56019,'1024083',1651,,613,15,,,0
56019,'1024089',1621,,614,15,,,0
56019,'1024090',1221,,615,15,,,0
56019,'1024116',1319,,616,15,,,0
56019,'1024120',1249,,617,15,,,0
56019,'1024130',1419,,618,15,,,0
56019,'1024135',1349,,619,15,,,0
56019,'1024139',1721,,620,15,,,0
56019,'1024140',749,,621,15,,,0
56019,'1031091',1751,,622,15,,,0
56019,'1031104',1349,,623,15,,,0
56019,'1031125',1551,,624,15,,,0
56019,'1031129',1249,,625,15,,,0
56019,'1031130',919,,626,15,,,0
56019,'1031138',849,,627,15,,,0
56019,'1031146',951,,628,15,,,0
56019,'1031158',1821,,629,15,,,0
56019,'1031174',1651,,630,15,,,0
56019,'1031176',1721,,631,15,,,0
56019,'1031184',1551,,632,15,,,0
56019,'1031187',919,,633,15,,,0
56019,'1031196',819,,634,15,,,0
56019,'1031201',1521,,635,15,,,0
56019,'1031204',1849,,636,15,,,0
56019,'1031209',1821,,637,15,,,0
56019,'1031212',849,,638,15,,,0
56019,'1031229',1319,,639,15,,,0
56019,'1031235',1221,,640,15,,,0
56019,'1031261',1419,,641,15,,,0
56019,'1031274',1151,,642,15,,,0
56019,'1031319',1521,,643,15,,,0
56019,'1031337',1921,,644,15,,,0
56019,'1031343',1921,,645,15,,,0
56019,'1031348',1419,,646,15,,,0
56019,'1031368',1751,,647,15,,,0
56019,'1031370',1049,,648,15,,,0
56019,'1031373',1319,,649,15,,,0
56019,'1031376',1019,,650,15,,,0
56019,'1031386',1221,,651,15,,,0
56019,'1031395',1451,,652,15,,,0
56019,'1031396',1949,,653,15,,,0
56019,'1031404',1621,,654,15,,,0
56019,'1031415',1249,,655,15,,,0
56019,'1031416',1049,,656,15,,,0
56019,'1031419',1119,,657,15,,,0
56019,'1031426',2021,,658,15,,,0
56019,'1031433',1349,,659,15,,,0
56019,'1031449',819,,660,15,,,0
56019,'1031469',1721,,661,15,,,0
56019,'1031476',1119,,662,15,,,0
56019,'1031478',1849,,663,15,,,0
56019,'1031481',1451,,664,15,,,0
56019,'1031515',2049,,665,15,,,0
56019,'1031520',1019,,666,15,,,0
56019,'1031522',1151,,667,15,,,0
56019,'1031528',1621,,668,15,,,0
56019,'1031532',951,,669,15,,,0
56019,'1031539',1651,,670,15,,,0
