11019,'1032754',1419,,81,7,,,0
11019,'1032757',849,,82,7,,,0
11019,'1032758',1319,,83,7,,,0
11019,'1032760',2219,,84,7,,,0
11019,'1032761',2049,,85,7,,,0
11019,'1032765',1749,,86,7,,,0
11019,'1032766',1519,,87,7,,,0
11019,'1032768',1519,,88,7,,,0
11019,'1032771',2019,,89,7,,,0
11019,'1032772',1349,,90,7,,,0
11019,'1032774',849,,91,7,,,0
11019,'1032775',949,,92,7,,,0
11019,'1032776',1819,,93,7,,,0
11019,'1032777',1119,,94,7,,,0
11019,'1032779',1719,,95,7,,,0
11019,'1032780',1449,,96,7,,,0
11019,'1032781',1619,,97,7,,,0
11019,'1032784',1219,,98,7,,,0
11019,'1032785',1819,,99,7,,,0
11019,'1032787',1549,,100,7,,,0
11019,'1032795',1349,,101,7,,,0
11019,'1032796',1149,,102,7,,,0
11019,'1032798',1449,,103,7,,,0
11019,'1032801',1319,,104,7,,,0
11019,'1032803',1019,,105,7,,,0
11019,'1032804',1249,,106,7,,,0
11019,'1032807',1749,,107,7,,,0
11019,'1032809',1949,,108,7,,,0
11019,'1032810',1419,,109,7,,,0
11019,'1032814',1549,,110,7,,,0
11019,'1032816',1949,,111,7,,,0
11019,'1032817',1919,,112,7,,,0
11019,'1032820',849,,113,7,,,0
11019,'1032821',1219,,114,7,,,0
11019,'1032822',919,,115,7,,,0
11019,'1032823',949,,116,7,,,0
11019,'1032824',1019,,117,7,,,0
11019,'1032826',1649,,118,7,,,0
11019,'1032827',1049,,119,7,,,0
11019,'1032828',749,,120,7,,,0
11019,'1032831',1319,,121,7,,,0
11019,'1032834',1019,,122,7,,,0
11019,'1032838',2049,,123,7,,,0
11019,'1032839',1749,,124,7,,,0
11019,'1032841',1919,,125,7,,,0
11019,'1032846',719,,126,7,,,0
11019,'1032848',1849,,127,7,,,0
11019,'1032850',1549,,128,7,,,0
11019,'1032857',1819,,129,7,,,0
11019,'1032858',2019,,130,7,,,0
11019,'1032860',1049,,131,7,,,0
11019,'1032862',1849,,132,7,,,0
11019,'1032865',819,,133,7,,,0
11019,'1032866',919,,134,7,,,0
11019,'1032867',1619,,135,7,,,0
11019,'1032871',1649,,136,7,,,0
11019,'1032872',1419,,137,7,,,0
11019,'1032875',1119,,138,7,,,0
11019,'1032876',1119,,139,7,,,0
11019,'1032881',1849,,140,7,,,0
11019,'1032882',919,,141,7,,,0
11019,'1032883',2119,,142,7,,,0
11019,'1032885',1719,,143,7,,,0
11019,'1032887',1719,,144,7,,,0
11019,'1032890',1619,,145,7,,,0
11019,'1032892',949,,146,7,,,0
11019,'1032894',1249,,147,7,,,0
11019,'1032896',1049,,148,7,,,0
11019,'1032901',1149,,149,7,,,0
11019,'1032904',2149,,150,7,,,0
11019,'1032906',1249,,151,7,,,0
11019,'1032908',819,,152,7,,,0
11019,'1032909',819,,153,7,,,0
11019,'1032911',1349,,154,7,,,0
11019,'1032913',649,,155,7,,,0
11019,'1032917',1219,,156,7,,,0
11019,'1032919',1519,,157,7,,,0
11019,'1032926',1449,,158,7,,,0
11019,'1032928',1149,,159,7,,,0
11019,'1032930',1649,,160,7,,,0
