31029,'1023499',1422,2,469,10,0,5 6,0
31029,'1023506',1522,2,470,10,0,5 6,0
31029,'1023507',1222,2,471,10,0,5 6,0
31029,'1023508',952,2,472,10,0,5 6,0
31029,'1023509',752,2,473,10,0,5 6,0
31029,'1023511',1452,2,474,10,0,5 6,0
31029,'1023513',652,2,475,10,0,5 6,0
31029,'1023518',1622,2,476,10,0,5 6,0
31029,'1023526',1252,2,477,10,0,5 6,0
31029,'1023527',1752,2,478,10,0,5 6,0
31029,'1023529',1022,2,479,10,0,5 6,0
31029,'1023539',922,2,480,10,0,5 6,0
31029,'1023541',852,2,481,10,0,5 6,0
31029,'1023542',1322,2,482,10,0,5 6,0
31029,'1023546',1122,2,483,10,0,5 6,0
31029,'1023552',1722,2,484,10,0,5 6,0
31029,'1023556',1822,2,485,10,0,5 6,0
31029,'1023557',1552,2,486,10,0,5 6,0
31029,'1023564',1152,2,487,10,0,5 6,0
31029,'1023565',1052,2,488,10,0,5 6,0
31029,'1023567',822,2,489,10,0,5 6,0
31029,'1023576',1652,2,490,10,0,5 6,0
31029,'1023582',722,2,491,10,0,5 6,0
31029,'1023584',1352,2,492,10,0,5 6,0
