22019,'1022997',723,,291,11,,,0
22019,'1023022',753,,292,11,,,0
22019,'1023024',823,,293,11,,,0
22019,'1023029',653,,294,11,,,0
22019,'1031072',1653,,295,11,,,0
22019,'1031092',1753,,296,11,,,0
22019,'1031115',853,,297,11,,,0
22019,'1031118',1553,,298,11,,,0
22019,'1031144',1623,,299,11,,,0
22019,'1031148',1823,,300,11,,,0
22019,'1031154',1923,,301,11,,,0
22019,'1031183',1053,,302,11,,,0
22019,'1031207',1353,,303,11,,,0
22019,'1031214',923,,304,11,,,0
22019,'1031231',2023,,305,11,,,0
22019,'1031242',1853,,306,11,,,0
22019,'1031254',1123,,307,11,,,0
22019,'1031263',953,,308,11,,,0
22019,'1031347',823,,309,11,,,0
22019,'1031350',1723,,310,11,,,0
22019,'1031371',1423,,311,11,,,0
22019,'1031380',1323,,312,11,,,0
22019,'1031420',1223,,313,11,,,0
22019,'1031434',1253,,314,11,,,0
22019,'1031438',1953,,315,11,,,0
22019,'1031492',1023,,316,11,,,0
22019,'1031495',2053,,317,11,,,0
22019,'1031502',1153,,318,11,,,0
22019,'1031527',1523,,319,11,,,0
22019,'1031542',1453,,320,11,,,0
22019,'1032755',1553,,321,11,,,0
22019,'1032756',1823,,322,11,,,0
22019,'1032773',1653,,323,11,,,0
22019,'1032797',1253,,324,11,,,0
22019,'1032815',1053,,325,11,,,0
22019,'1032835',1453,,326,11,,,0
22019,'1032845',923,,327,11,,,0
22019,'1032853',1223,,328,11,,,0
22019,'1032859',1123,,329,11,,,0
22019,'1032863',1753,,330,11,,,0
22019,'1032864',1623,,331,11,,,0
22019,'1032879',1023,,332,11,,,0
22019,'1032880',1323,,333,11,,,0
22019,'1032886',1153,,334,11,,,0
22019,'1032888',1353,,335,11,,,0
22019,'1032891',1723,,336,11,,,0
22019,'1032902',853,,337,11,,,0
22019,'1032903',953,,338,11,,,0
22019,'1032927',1423,,339,11,,,0
22019,'1032931',1523,,340,11,,,0
