46019,'1024244',1331,,493,16,,,0
46019,'1024245',831,,494,16,,,0
46019,'1024250',1201,,495,16,,,0
46019,'1024253',1601,,496,16,,,0
46019,'1024263',731,,497,16,,,0
46019,'1024264',1231,,498,16,,,0
46019,'1024266',801,,499,16,,,0
46019,'1024267',1431,,500,16,,,0
46019,'1024268',1631,,501,16,,,0
46019,'1024271',1501,,502,16,,,0
46019,'1024278',1701,,503,16,,,0
46019,'1024282',1131,,504,16,,,0
46019,'1024288',931,,505,16,,,0
46019,'1024289',1731,,506,16,,,0
46019,'1024295',1001,,507,16,,,0
46019,'1024296',1801,,508,16,,,0
46019,'1024297',1831,,509,16,,,0
46019,'1024300',1301,,510,16,,,0
46019,'1024301',901,,511,16,,,0
46019,'1024303',1531,,512,16,,,0
46019,'1024304',1101,,513,16,,,0
46019,'1024309',1401,,514,16,,,0
46019,'1024310',701,,515,16,,,0
46019,'1024312',1031,,516,16,,,0
