11019,'1032754',1415,,81,2,,,0
11019,'1032757',845,,82,2,,,0
11019,'1032758',1315,,83,2,,,0
11019,'1032760',2215,,84,2,,,0
11019,'1032761',2045,,85,2,,,0
11019,'1032765',1745,,86,2,,,0
11019,'1032766',1515,,87,2,,,0
11019,'1032768',1515,,88,2,,,0
11019,'1032771',2015,,89,2,,,0
11019,'1032772',1345,,90,2,,,0
11019,'1032774',845,,91,2,,,0
11019,'1032775',945,,92,2,,,0
11019,'1032776',1815,,93,2,,,0
11019,'1032777',1115,,94,2,,,0
11019,'1032779',1715,,95,2,,,0
11019,'1032780',1445,,96,2,,,0
11019,'1032781',1615,,97,2,,,0
11019,'1032784',1215,,98,2,,,0
11019,'1032785',1815,,99,2,,,0
11019,'1032787',1545,,100,2,,,0
11019,'1032795',1345,,101,2,,,0
11019,'1032796',1145,,102,2,,,0
11019,'1032798',1445,,103,2,,,0
11019,'1032801',1315,,104,2,,,0
11019,'1032803',1015,,105,2,,,0
11019,'1032804',1245,,106,2,,,0
11019,'1032807',1745,,107,2,,,0
11019,'1032809',1945,,108,2,,,0
11019,'1032810',1415,,109,2,,,0
11019,'1032814',1545,,110,2,,,0
11019,'1032816',1945,,111,2,,,0
11019,'1032817',1915,,112,2,,,0
11019,'1032820',845,,113,2,,,0
11019,'1032821',1215,,114,2,,,0
11019,'1032822',915,,115,2,,,0
11019,'1032823',945,,116,2,,,0
11019,'1032824',1015,,117,2,,,0
11019,'1032826',1645,,118,2,,,0
11019,'1032827',1045,,119,2,,,0
11019,'1032828',745,,120,2,,,0
11019,'1032831',1315,,121,2,,,0
11019,'1032834',1015,,122,2,,,0
11019,'1032838',2045,,123,2,,,0
11019,'1032839',1745,,124,2,,,0
11019,'1032841',1915,,125,2,,,0
11019,'1032846',715,,126,2,,,0
11019,'1032848',1845,,127,2,,,0
11019,'1032850',1545,,128,2,,,0
11019,'1032857',1815,,129,2,,,0
11019,'1032858',2015,,130,2,,,0
11019,'1032860',1045,,131,2,,,0
11019,'1032862',1845,,132,2,,,0
11019,'1032865',815,,133,2,,,0
11019,'1032866',915,,134,2,,,0
11019,'1032867',1615,,135,2,,,0
11019,'1032871',1645,,136,2,,,0
11019,'1032872',1415,,137,2,,,0
11019,'1032875',1115,,138,2,,,0
11019,'1032876',1115,,139,2,,,0
11019,'1032881',1845,,140,2,,,0
11019,'1032882',915,,141,2,,,0
11019,'1032883',2115,,142,2,,,0
11019,'1032885',1715,,143,2,,,0
11019,'1032887',1715,,144,2,,,0
11019,'1032890',1615,,145,2,,,0
11019,'1032892',945,,146,2,,,0
11019,'1032894',1245,,147,2,,,0
11019,'1032896',1045,,148,2,,,0
11019,'1032901',1145,,149,2,,,0
11019,'1032904',2145,,150,2,,,0
11019,'1032906',1245,,151,2,,,0
11019,'1032908',815,,152,2,,,0
11019,'1032909',815,,153,2,,,0
11019,'1032911',1345,,154,2,,,0
11019,'1032913',645,,155,2,,,0
11019,'1032917',1215,,156,2,,,0
11019,'1032919',1515,,157,2,,,0
11019,'1032926',1445,,158,2,,,0
11019,'1032928',1145,,159,2,,,0
11019,'1032930',1645,,160,2,,,0
