31029,'1023499',1419,,469,9,0,5 6,0
31029,'1023506',1519,,470,9,0,5 6,0
31029,'1023507',1219,,471,9,0,5 6,0
31029,'1023508',949,,472,9,0,5 6,0
31029,'1023509',749,,473,9,0,5 6,0
31029,'1023511',1449,,474,9,0,5 6,0
31029,'1023513',649,,475,9,0,5 6,0
31029,'1023518',1619,,476,9,0,5 6,0
31029,'1023526',1249,,477,9,0,5 6,0
31029,'1023527',1749,,478,9,0,5 6,0
31029,'1023529',1019,,479,9,0,5 6,0
31029,'1023539',919,,480,9,0,5 6,0
31029,'1023541',849,,481,9,0,5 6,0
31029,'1023542',1319,,482,9,0,5 6,0
31029,'1023546',1119,,483,9,0,5 6,0
31029,'1023552',1719,,484,9,0,5 6,0
31029,'1023556',1819,,485,9,0,5 6,0
31029,'1023557',1549,,486,9,0,5 6,0
31029,'1023564',1149,,487,9,0,5 6,0
31029,'1023565',1049,,488,9,0,5 6,0
31029,'1023567',819,,489,9,0,5 6,0
31029,'1023576',1649,,490,9,0,5 6,0
31029,'1023582',719,,491,9,0,5 6,0
31029,'1023584',1349,,492,9,0,5 6,0
