30019,'1022006',1905,2,341,24,,,0
30019,'1022019',2005,2,342,24,,,0
30019,'1022024',1935,2,343,24,,,0
30019,'1022033',2105,2,344,24,,,0
30019,'1022037',2205,2,345,24,,,0
30019,'1022062',2235,2,346,24,,,0
30019,'1022075',2035,2,347,24,,,0
30019,'1022083',2135,2,348,24,,,0
30019,'1031079',1105,,350,10,,,0
30019,'1031081',835,,351,10,,,0
30019,'1031086',1005,,354,10,,,0
30019,'1031094',1335,,355,10,,,0
30019,'1031133',1805,,359,10,,,0
30019,'1031208',1905,,364,10,,,0
30019,'1031244',1735,,366,10,,,0
30019,'1031280',2035,,370,10,,,0
30019,'1031287',1705,,371,10,,,0
30019,'1031295',1205,,373,10,,,0
30019,'1031299',1535,,375,10,,,0
30019,'1031305',1935,,376,10,,,0
30019,'1031308',2005,,378,10,,,0
30019,'1031322',1835,,379,10,,,0
30019,'1031351',1035,,382,10,,,0
30019,'1031405',1505,,385,10,,,0
30019,'1031453',1435,,387,10,,,0
30019,'1031454',935,,388,10,,,0
30019,'1031463',1405,,389,10,,,0
30019,'1031464',905,,390,10,,,0
30019,'1031484',2105,,392,10,,,0
30019,'1031490',1635,,393,10,,,0
30019,'1031521',1235,,396,10,,,0
30019,'1031523',1135,,397,10,,,0
30019,'1031531',1605,,399,10,,,0
30019,'1031535',1305,,400,10,,,0
30019,'1031760',1335,,403,10,,,0
30019,'1031761',1005,,404,10,,,0
30019,'1031764',1735,,407,10,,,0
30019,'1031766',935,,409,10,,,0
30019,'1031767',1635,,410,10,,,0
30019,'1031769',1805,,412,10,,,0
30019,'1031770',1535,,413,10,,,0
30019,'1031772',1705,,415,10,,,0
30019,'1031774',905,,417,10,,,0
30019,'1031784',835,,427,10,,,0
30019,'1031785',1605,,428,10,,,0
30019,'1031787',1035,,430,10,,,0
30019,'1031788',1135,,431,10,,,0
30019,'1031789',1205,,432,10,,,0
30019,'1031791',1235,,434,10,,,0
30019,'1031792',1905,,435,10,,,0
30019,'1031793',1105,,436,10,,,0
30019,'1031797',1405,,440,10,,,0
30019,'1031798',1835,,441,10,,,0
30019,'1031799',1435,,442,10,,,0
30019,'1031800',1305,,443,10,,,0
30019,'1031801',1505,,444,10,,,0
