61019,'1023602',2209,,671,14,,,0
61019,'1023604',1037,,672,7,,,0
61019,'1023607',1137,,673,7,,,0
61019,'1023608',1507,,674,7,,,0
61019,'1023609',1537,,675,7,,,0
61019,'1023612',739,,676,7,,,0
61019,'1023613',1337,,677,7,,,0
61019,'1023615',2039,,678,14,,,0
61019,'1023616',1607,,679,7,,,0
61019,'1023617',708,,680,7,,,0
61019,'1023618',1807,,681,7,,,0
61019,'1023622',2139,,682,14,,,0
61019,'1023625',1307,,683,7,,,0
61019,'1023627',1839,,684,14,,,0
61019,'1023628',1909,,685,14,,,0
61019,'1023629',937,,686,7,,,0
61019,'1023630',1437,,687,7,,,0
61019,'1023631',637,,688,7,,,0
61019,'1023633',1407,,689,7,,,0
61019,'1023634',1637,,690,7,,,0
61019,'1023637',839,,691,7,,,0
61019,'1023640',2009,,692,14,,,0
61019,'1023642',909,,693,7,,,0
61019,'1023643',1707,,694,7,,,0
61019,'1023646',1737,,695,7,,,0
61019,'1023647',1237,,696,7,,,0
61019,'1023649',1939,,697,14,,,0
61019,'1023650',1107,,698,7,,,0
61019,'1023651',1007,,699,7,,,0
61019,'1023653',807,,700,7,,,0
61019,'1023654',2109,,701,14,,,0
61019,'1023655',1207,,702,7,,,0
61019,'1031073',1139,,703,7,,,0
61019,'1031088',1009,,704,7,,,0
61019,'1031106',1539,,705,7,,,0
61019,'1031112',1539,,706,7,,,0
61019,'1031128',939,,707,7,,,0
61019,'1031140',1009,,708,7,,,0
61019,'1031141',1139,,709,7,,,0
61019,'1031143',1339,,710,7,,,0
61019,'1031150',1809,,711,7,,,0
61019,'1031153',1939,,712,7,,,0
61019,'1031155',1339,,713,7,,,0
61019,'1031162',1609,,714,7,,,0
61019,'1031165',1839,,715,7,,,0
61019,'1031173',1309,,716,7,,,0
61019,'1031179',1109,,717,7,,,0
61019,'1031199',1239,,718,7,,,0
61019,'1031206',1309,,719,7,,,0
61019,'1031222',1739,,720,7,,,0
61019,'1031225',909,,721,7,,,0
61019,'1031226',2009,,722,7,,,0
61019,'1031228',1839,,723,7,,,0
61019,'1031252',839,,724,7,,,0
61019,'1031258',839,,725,7,,,0
61019,'1031260',809,,726,7,,,0
61019,'1031277',1709,,727,7,,,0
61019,'1031293',1509,,728,7,,,0
61019,'1031304',1409,,729,7,,,0
61019,'1031313',1109,,730,7,,,0
61019,'1031330',1439,,731,7,,,0
61019,'1031331',2039,,732,7,,,0
61019,'1031335',809,,733,7,,,0
61019,'1031357',1409,,734,7,,,0
61019,'1031359',1809,,735,7,,,0
61019,'1031360',1909,,736,7,,,0
61019,'1031362',1039,,737,7,,,0
61019,'1031375',1509,,738,7,,,0
61019,'1031384',1639,,739,7,,,0
61019,'1031388',1209,,740,7,,,0
61019,'1031391',1909,,741,7,,,0
61019,'1031407',1739,,742,7,,,0
61019,'1031411',1209,,743,7,,,0
61019,'1031414',909,,744,7,,,0
61019,'1031435',1609,,745,7,,,0
61019,'1031457',1639,,746,7,,,0
61019,'1031462',1239,,747,7,,,0
61019,'1031483',939,,748,7,,,0
61019,'1031501',1439,,749,7,,,0
61019,'1031516',1039,,750,7,,,0
61019,'1031526',1709,,751,7,,,0
