11019,'1032754',1434,,81,17,,,0
11019,'1032757',905,,82,17,,,0
11019,'1032758',1335,,83,17,,,0
11019,'1032760',2235,,84,17,,,0
11019,'1032761',2105,,85,17,,,0
11019,'1032765',1805,,86,17,,,0
11019,'1032766',1534,,87,17,,,0
11019,'1032768',1535,,88,17,,,0
11019,'1032771',2035,,89,17,,,0
11019,'1032772',1405,,90,17,,,0
11019,'1032774',904,,91,17,,,0
11019,'1032775',1005,,92,17,,,0
11019,'1032776',1834,,93,17,,,0
11019,'1032777',1135,,94,17,,,0
11019,'1032779',1735,,95,17,,,0
11019,'1032780',1505,,96,17,,,0
11019,'1032781',1635,,97,17,,,0
11019,'1032784',1235,,98,17,,,0
11019,'1032785',1835,,99,17,,,0
11019,'1032787',1605,,100,17,,,0
11019,'1032795',1404,,101,17,,,0
11019,'1032796',1205,,102,17,,,0
11019,'1032798',1504,,103,17,,,0
11019,'1032801',1334,,104,17,,,0
11019,'1032803',1034,,105,17,,,0
11019,'1032804',1305,,106,17,,,0
11019,'1032807',1805,,107,17,,,0
11019,'1032809',2005,,108,17,,,0
11019,'1032810',1435,,109,17,,,0
11019,'1032814',1605,,110,17,,,0
11019,'1032816',2005,,111,17,,,0
11019,'1032817',1935,,112,17,,,0
11019,'1032820',905,,113,17,,,0
11019,'1032821',1235,,114,17,,,0
11019,'1032822',934,,115,17,,,0
11019,'1032823',1004,,116,17,,,0
11019,'1032824',1035,,117,17,,,0
11019,'1032826',1705,,118,17,,,0
11019,'1032827',1104,,119,17,,,0
11019,'1032828',805,,120,17,,,0
11019,'1032831',1335,,121,17,,,0
11019,'1032834',1035,,122,17,,,0
11019,'1032838',2105,,123,17,,,0
11019,'1032839',1804,,124,17,,,0
11019,'1032841',1935,,125,17,,,0
11019,'1032846',735,,126,17,,,0
11019,'1032848',1900,,127,17,,,0
11019,'1032850',1604,,128,17,,,0
11019,'1032857',1835,,129,17,,,0
11019,'1032858',2035,,130,17,,,0
11019,'1032860',1105,,131,17,,,0
11019,'1032862',1900,,132,17,,,0
11019,'1032865',835,,133,17,,,0
11019,'1032866',935,,134,17,,,0
11019,'1032867',1635,,135,17,,,0
11019,'1032871',1705,,136,17,,,0
11019,'1032872',1435,,137,17,,,0
11019,'1032875',1134,,138,17,,,0
11019,'1032876',1135,,139,17,,,0
11019,'1032881',1904,,140,17,,,0
11019,'1032882',935,,141,17,,,0
11019,'1032883',2135,,142,17,,,0
11019,'1032885',1734,,143,17,,,0
11019,'1032887',1735,,144,17,,,0
11019,'1032890',1634,,145,17,,,0
11019,'1032892',1005,,146,17,,,0
11019,'1032894',1304,,147,17,,,0
11019,'1032896',1105,,148,17,,,0
11019,'1032901',1204,,149,17,,,0
11019,'1032904',2205,,150,17,,,0
11019,'1032906',1305,,151,17,,,0
11019,'1032908',832,,152,17,,,0
11019,'1032909',835,,153,17,,,0
11019,'1032911',1405,,154,17,,,0
11019,'1032913',705,,155,17,,,0
11019,'1032917',1234,,156,17,,,0
11019,'1032919',1535,,157,17,,,0
11019,'1032926',1505,,158,17,,,0
11019,'1032928',1205,,159,17,,,0
11019,'1032930',1704,,160,17,,,0
