21019,'1021456',1053,,211,11,,,0
21019,'1021471',1653,,212,11,,,0
21019,'1021474',1823,,213,11,,,0
21019,'1021550',1023,,214,11,,,0
21019,'1021570',923,,215,11,,,0
21019,'1021573',1453,,216,11,,,0
21019,'1021593',1353,,217,11,,,0
21019,'1021602',1123,,218,11,,,0
21019,'1021624',953,,219,11,,,0
21019,'1021627',753,,220,11,,,0
21019,'1021655',823,,221,11,,,0
21019,'1021727',1553,,222,11,,,0
21019,'1021738',1223,,223,11,,,0
21019,'1021744',853,,224,11,,,0
21019,'1021749',723,,225,11,,,0
21019,'1021766',1623,,226,11,,,0
21019,'1021767',1753,,227,11,,,0
21019,'1021782',1323,,228,11,,,0
21019,'1021819',1253,,229,11,,,0
21019,'1021826',1523,,230,11,,,0
21019,'1021829',1423,,231,11,,,0
21019,'1021844',653,,232,11,,,0
21019,'1021899',1153,,233,11,,,0
21019,'1021900',1723,,234,11,,,0
21019,'1026826',2123,,235,11,,,0
21019,'1026827',1923,,236,11,,,0
21019,'1026835',2153,,237,11,,,0
21019,'1026837',1853,,238,11,,,0
21019,'1026853',2023,,239,11,,,0
21019,'1026855',1953,,240,11,,,0
21019,'1026862',2223,,241,11,,,0
21019,'1026866',2053,,242,11,,,0
21019,'1031071',1823,,243,11,,,0
21019,'1031083',1453,,244,11,,,0
21019,'1031101',1823,,245,11,,,0
21019,'1031108',1653,,246,11,,,0
21019,'1031131',1723,,247,11,,,0
21019,'1031137',1853,,248,11,,,0
21019,'1031145',853,,249,11,,,0
21019,'1031147',1523,,250,11,,,0
21019,'1031161',953,,251,11,,,0
21019,'1031163',1923,,252,11,,,0
21019,'1031195',1623,,253,11,,,0
21019,'1031197',1253,,254,11,,,0
21019,'1031215',923,,255,11,,,0
21019,'1031216',853,,256,11,,,0
21019,'1031218',1523,,257,11,,,0
21019,'1031220',1953,,258,11,,,0
21019,'1031241',1223,,259,11,,,0
21019,'1031247',1653,,260,11,,,0
21019,'1031256',1353,,261,11,,,0
21019,'1031262',2023,,262,11,,,0
21019,'1031266',1853,,263,11,,,0
21019,'1031268',1253,,264,11,,,0
21019,'1031279',1153,,265,11,,,0
21019,'1031281',1023,,266,11,,,0
21019,'1031285',1053,,267,11,,,0
21019,'1031298',1753,,268,11,,,0
21019,'1031311',1723,,269,11,,,0
21019,'1031314',953,,270,11,,,0
21019,'1031315',1553,,271,11,,,0
21019,'1031328',1123,,272,11,,,0
21019,'1031332',823,,273,11,,,0
21019,'1031341',2053,,274,11,,,0
21019,'1031345',1323,,275,11,,,0
21019,'1031349',1453,,276,11,,,0
21019,'1031358',1553,,277,11,,,0
21019,'1031372',1153,,278,11,,,0
21019,'1031382',1423,,279,11,,,0
21019,'1031418',1123,,280,11,,,0
21019,'1031425',1623,,281,11,,,0
21019,'1031432',1323,,282,11,,,0
21019,'1031446',1423,,283,11,,,0
21019,'1031447',1353,,284,11,,,0
21019,'1031451',1023,,285,11,,,0
21019,'1031456',923,,286,11,,,0
21019,'1031460',823,,287,11,,,0
21019,'1031465',1053,,288,11,,,0
21019,'1031508',1753,,289,11,,,0
21019,'1031525',1223,,290,11,,,0
