46019,'1024244',1335,2,493,19,,,0
46019,'1024245',835,2,494,19,,,0
46019,'1024250',1205,2,495,19,,,0
46019,'1024253',1605,2,496,19,,,0
46019,'1024263',735,2,497,19,,,0
46019,'1024264',1235,2,498,19,,,0
46019,'1024266',805,2,499,19,,,0
46019,'1024267',1435,2,500,19,,,0
46019,'1024268',1635,2,501,19,,,0
46019,'1024271',1505,2,502,19,,,0
46019,'1024278',1705,2,503,19,,,0
46019,'1024282',1135,2,504,19,,,0
46019,'1024288',935,2,505,19,,,0
46019,'1024289',1735,2,506,19,,,0
46019,'1024295',1005,2,507,19,,,0
46019,'1024296',1805,2,508,19,,,0
46019,'1024297',1835,2,509,19,,,0
46019,'1024300',1305,2,510,19,,,0
46019,'1024301',905,2,511,19,,,0
46019,'1024303',1535,2,512,19,,,0
46019,'1024304',1105,2,513,19,,,0
46019,'1024309',1405,2,514,19,,,0
46019,'1024310',705,2,515,19,,,0
46019,'1024312',1035,2,516,19,,,0
61019,'1023604',1045,,672,12,,,0
61019,'1023607',1145,,673,12,,,0
61019,'1023608',1515,,674,12,,,0
61019,'1023609',1545,,675,12,,,0
61019,'1023612',745,,676,12,,,0
61019,'1023613',1345,,677,12,,,0
61019,'1023616',1615,,679,12,,,0
61019,'1023617',715,3,680,12,,,0
61019,'1023618',1815,3,681,12,,,0
61019,'1023625',1315,,683,12,,,0
61019,'1023629',945,,686,12,,,0
61019,'1023630',1445,,687,12,,,0
61019,'1023631',645,,688,12,,,0
61019,'1023633',1415,,689,12,,,0
61019,'1023634',1645,,690,12,,,0
61019,'1023637',845,,691,12,,,0
61019,'1023642',915,,693,12,,,0
61019,'1023643',1715,,694,12,,,0
61019,'1023646',1745,,695,12,,,0
61019,'1023647',1245,,696,12,,,0
61019,'1023650',1115,,698,12,,,0
61019,'1023651',1015,,699,12,,,0
61019,'1023653',815,,700,12,,,0
61019,'1023655',1215,,702,12,,,0
61019,'1031073',1145,,703,12,,,0
61019,'1031088',1015,,704,12,,,0
61019,'1031106',1545,,705,12,,,0
61019,'1031112',1545,,706,12,,,0
61019,'1031128',945,,707,12,,,0
61019,'1031140',1015,,708,12,,,0
61019,'1031141',1145,,709,12,,,0
61019,'1031143',1345,,710,12,,,0
61019,'1031150',1815,,711,12,,,0
61019,'1031153',1945,,712,12,,,0
61019,'1031155',1345,,713,12,,,0
61019,'1031162',1615,,714,12,,,0
61019,'1031165',1845,,715,12,,,0
61019,'1031173',1315,,716,12,,,0
61019,'1031179',1115,,717,12,,,0
61019,'1031199',1245,,718,12,,,0
61019,'1031206',1315,,719,12,,,0
61019,'1031222',1745,,720,12,,,0
61019,'1031225',915,,721,12,,,0
61019,'1031226',2015,,722,12,,,0
61019,'1031228',1845,,723,12,,,0
61019,'1031252',845,,724,12,,,0
61019,'1031258',845,,725,12,,,0
61019,'1031260',815,,726,12,,,0
61019,'1031277',1715,,727,12,,,0
61019,'1031293',1515,,728,12,,,0
61019,'1031304',1415,,729,12,,,0
61019,'1031313',1115,,730,12,,,0
61019,'1031330',1445,,731,12,,,0
61019,'1031331',2045,,732,12,,,0
61019,'1031335',815,,733,12,,,0
61019,'1031357',1415,,734,12,,,0
61019,'1031359',1815,,735,12,,,0
61019,'1031360',1915,,736,12,,,0
61019,'1031362',1045,,737,12,,,0
61019,'1031375',1515,,738,12,,,0
61019,'1031384',1645,,739,12,,,0
61019,'1031388',1215,,740,12,,,0
61019,'1031391',1915,,741,12,,,0
61019,'1031407',1745,,742,12,,,0
61019,'1031411',1215,,743,12,,,0
61019,'1031414',915,,744,12,,,0
61019,'1031435',1615,,745,12,,,0
61019,'1031457',1645,,746,12,,,0
61019,'1031462',1245,,747,12,,,0
61019,'1031483',945,,748,12,,,0
61019,'1031501',1445,,749,12,,,0
61019,'1031516',1045,,750,12,,,0
61019,'1031526',1715,,751,12,,,0
