22019,'1022997',715,,291,2,,,0
22019,'1023022',745,,292,2,,,0
22019,'1023024',815,,293,2,,,0
22019,'1023029',645,,294,2,,,0
22019,'1031072',1645,,295,2,,,0
22019,'1031092',1745,,296,2,,,0
22019,'1031115',845,,297,2,,,0
22019,'1031118',1545,,298,2,,,0
22019,'1031144',1615,,299,2,,,0
22019,'1031148',1815,,300,2,,,0
22019,'1031154',1915,,301,2,,,0
22019,'1031183',1045,,302,2,,,0
22019,'1031207',1345,,303,2,,,0
22019,'1031214',915,,304,2,,,0
22019,'1031231',2015,,305,2,,,0
22019,'1031242',1845,,306,2,,,0
22019,'1031254',1115,,307,2,,,0
22019,'1031263',945,,308,2,,,0
22019,'1031347',815,,309,2,,,0
22019,'1031350',1715,,310,2,,,0
22019,'1031371',1415,,311,2,,,0
22019,'1031380',1315,,312,2,,,0
22019,'1031420',1215,,313,2,,,0
22019,'1031434',1245,,314,2,,,0
22019,'1031438',1945,,315,2,,,0
22019,'1031492',1015,,316,2,,,0
22019,'1031495',2045,,317,2,,,0
22019,'1031502',1145,,318,2,,,0
22019,'1031527',1515,,319,2,,,0
22019,'1031542',1445,,320,2,,,0
22019,'1032755',1545,,321,2,,,0
22019,'1032756',1815,,322,2,,,0
22019,'1032773',1645,,323,2,,,0
22019,'1032797',1245,,324,2,,,0
22019,'1032815',1045,,325,2,,,0
22019,'1032835',1445,,326,2,,,0
22019,'1032845',915,,327,2,,,0
22019,'1032853',1215,,328,2,,,0
22019,'1032859',1115,,329,2,,,0
22019,'1032863',1745,,330,2,,,0
22019,'1032864',1615,,331,2,,,0
22019,'1032879',1015,,332,2,,,0
22019,'1032880',1315,,333,2,,,0
22019,'1032886',1145,,334,2,,,0
22019,'1032888',1345,,335,2,,,0
22019,'1032891',1715,,336,2,,,0
22019,'1032902',845,,337,2,,,0
22019,'1032903',945,,338,2,,,0
22019,'1032927',1415,,339,2,,,0
22019,'1032931',1515,,340,2,,,0
30019,'1022006',1845,,341,2,,,0
30019,'1022019',1945,,342,2,,,0
30019,'1022024',1915,,343,2,,,0
30019,'1022033',2045,,344,2,,,0
30019,'1022037',2145,,345,2,,,0
30019,'1022062',2215,,346,2,,,0
30019,'1022075',2015,,347,2,,,0
30019,'1022083',2115,,348,2,,,0
30019,'1031077',945,,349,2,,,0
30019,'1031082',1415,,352,2,,,0
30019,'1031084',2015,,353,2,,,0
30019,'1031097',1345,,356,2,,,0
30019,'1031098',1045,,357,2,,,0
30019,'1031109',915,,358,2,,,0
30019,'1031136',1315,,360,2,,,0
30019,'1031151',1215,,361,2,,,0
30019,'1031178',1945,,362,2,,,0
30019,'1031191',2045,,363,2,,,0
30019,'1031234',1845,,365,2,,,0
30019,'1031251',1115,,367,2,,,0
30019,'1031253',845,,368,2,,,0
30019,'1031265',1445,,369,2,,,0
30019,'1031290',1715,,372,2,,,0
30019,'1031297',1815,,374,2,,,0
30019,'1031307',1515,,377,2,,,0
30019,'1031326',1615,,380,2,,,0
30019,'1031338',1545,,381,2,,,0
30019,'1031352',1015,,383,2,,,0
30019,'1031361',815,,384,2,,,0
30019,'1031450',1645,,386,2,,,0
30019,'1031479',1745,,391,2,,,0
30019,'1031507',1145,,394,2,,,0
30019,'1031512',1245,,395,2,,,0
30019,'1031524',1915,,398,2,,,0
30019,'1031758',1115,,401,2,,,0
30019,'1031759',1245,,402,2,,,0
30019,'1031762',845,,405,2,,,0
30019,'1031763',1645,,406,2,,,0
30019,'1031765',945,,408,2,,,0
30019,'1031768',1815,,411,2,,,0
30019,'1031771',915,,414,2,,,0
30019,'1031773',1345,,416,2,,,0
30019,'1031775',1545,,418,2,,,0
30019,'1031776',1845,,419,2,,,0
30019,'1031777',1615,,420,2,,,0
30019,'1031778',815,,421,2,,,0
30019,'1031779',1315,,422,2,,,0
30019,'1031780',1715,,423,2,,,0
30019,'1031781',1515,,424,2,,,0
30019,'1031782',1415,,425,2,,,0
30019,'1031783',1745,,426,2,,,0
30019,'1031786',1145,,429,2,,,0
30019,'1031790',1015,,433,2,,,0
30019,'1031794',1445,,437,2,,,0
30019,'1031795',1045,,438,2,,,0
30019,'1031796',1215,,439,2,,,0
31029,'1023499',1415,,469,2,0,5 6,0
31029,'1023506',1515,,470,2,0,5 6,0
31029,'1023507',1215,,471,2,0,5 6,0
31029,'1023508',945,,472,2,0,5 6,0
31029,'1023509',745,,473,2,0,5 6,0
31029,'1023511',1445,,474,2,0,5 6,0
31029,'1023513',645,,475,2,0,5 6,0
31029,'1023518',1615,,476,2,0,5 6,0
31029,'1023526',1245,,477,2,0,5 6,0
31029,'1023527',1745,,478,2,0,5 6,0
31029,'1023529',1015,,479,2,0,5 6,0
31029,'1023539',915,,480,2,0,5 6,0
31029,'1023541',845,,481,2,0,5 6,0
31029,'1023542',1315,,482,2,0,5 6,0
31029,'1023546',1115,,483,2,0,5 6,0
31029,'1023552',1715,,484,2,0,5 6,0
31029,'1023556',1815,,485,2,0,5 6,0
31029,'1023557',1545,,486,2,0,5 6,0
31029,'1023564',1145,,487,2,0,5 6,0
31029,'1023565',1045,,488,2,0,5 6,0
31029,'1023567',815,,489,2,0,5 6,0
31029,'1023576',1645,,490,2,0,5 6,0
31029,'1023582',715,,491,2,0,5 6,0
31029,'1023584',1345,,492,2,0,5 6,0
46019,'1024244',1316,,493,2,,,0
46019,'1024245',816,,494,2,,,0
46019,'1024250',1146,,495,2,,,0
46019,'1024253',1546,,496,2,,,0
46019,'1024263',716,,497,2,,,0
46019,'1024264',1216,,498,2,,,0
46019,'1024266',746,,499,2,,,0
46019,'1024267',1416,,500,2,,,0
46019,'1024268',1616,,501,2,,,0
46019,'1024271',1446,,502,2,,,0
46019,'1024278',1646,,503,2,,,0
46019,'1024282',1116,,504,2,,,0
46019,'1024288',916,,505,2,,,0
46019,'1024289',1716,,506,2,,,0
46019,'1024295',946,,507,2,,,0
46019,'1024296',1746,,508,2,,,0
46019,'1024297',1816,,509,2,,,0
46019,'1024300',1246,,510,2,,,0
46019,'1024301',846,,511,2,,,0
46019,'1024303',1516,,512,2,,,0
46019,'1024304',1046,,513,2,,,0
46019,'1024309',1346,,514,2,,,0
46019,'1024310',646,,515,2,,,0
46019,'1024312',1016,,516,2,,,0
