21019,'1021456',1054,,211,12,,,0
21019,'1021471',1654,,212,12,,,0
21019,'1021474',1824,,213,12,,,0
21019,'1021550',1024,,214,12,,,0
21019,'1021570',924,,215,12,,,0
21019,'1021573',1454,,216,12,,,0
21019,'1021593',1354,,217,12,,,0
21019,'1021602',1124,,218,12,,,0
21019,'1021624',954,,219,12,,,0
21019,'1021627',754,,220,12,,,0
21019,'1021655',824,,221,12,,,0
21019,'1021727',1554,,222,12,,,0
21019,'1021738',1224,,223,12,,,0
21019,'1021744',854,,224,12,,,0
21019,'1021749',724,,225,12,,,0
21019,'1021766',1624,,226,12,,,0
21019,'1021767',1754,,227,12,,,0
21019,'1021782',1324,,228,12,,,0
21019,'1021819',1254,,229,12,,,0
21019,'1021826',1524,,230,12,,,0
21019,'1021829',1424,,231,12,,,0
21019,'1021844',654,,232,12,,,0
21019,'1021899',1154,,233,12,,,0
21019,'1021900',1724,,234,12,,,0
21019,'1026826',2124,,235,12,,,0
21019,'1026827',1924,,236,12,,,0
21019,'1026835',2154,,237,12,,,0
21019,'1026837',1854,,238,12,,,0
21019,'1026853',2024,,239,12,,,0
21019,'1026855',1954,,240,12,,,0
21019,'1026862',2224,,241,12,,,0
21019,'1026866',2054,,242,12,,,0
21019,'1031071',1824,,243,12,,,0
21019,'1031083',1454,,244,12,,,0
21019,'1031101',1824,,245,12,,,0
21019,'1031108',1654,,246,12,,,0
21019,'1031131',1724,,247,12,,,0
21019,'1031137',1854,,248,12,,,0
21019,'1031145',854,,249,12,,,0
21019,'1031147',1524,,250,12,,,0
21019,'1031161',954,,251,12,,,0
21019,'1031163',1924,,252,12,,,0
21019,'1031195',1624,,253,12,,,0
21019,'1031197',1254,,254,12,,,0
21019,'1031215',924,,255,12,,,0
21019,'1031216',854,,256,12,,,0
21019,'1031218',1524,,257,12,,,0
21019,'1031220',1954,,258,12,,,0
21019,'1031241',1224,,259,12,,,0
21019,'1031247',1654,,260,12,,,0
21019,'1031256',1354,,261,12,,,0
21019,'1031262',2024,,262,12,,,0
21019,'1031266',1854,,263,12,,,0
21019,'1031268',1254,,264,12,,,0
21019,'1031279',1154,,265,12,,,0
21019,'1031281',1024,,266,12,,,0
21019,'1031285',1054,,267,12,,,0
21019,'1031298',1754,,268,12,,,0
21019,'1031311',1724,,269,12,,,0
21019,'1031314',954,,270,12,,,0
21019,'1031315',1554,,271,12,,,0
21019,'1031328',1124,,272,12,,,0
21019,'1031332',824,,273,12,,,0
21019,'1031341',2054,,274,12,,,0
21019,'1031345',1324,,275,12,,,0
21019,'1031349',1454,,276,12,,,0
21019,'1031358',1554,,277,12,,,0
21019,'1031372',1154,,278,12,,,0
21019,'1031382',1424,,279,12,,,0
21019,'1031418',1124,,280,12,,,0
21019,'1031425',1624,,281,12,,,0
21019,'1031432',1324,,282,12,,,0
21019,'1031446',1424,,283,12,,,0
21019,'1031447',1354,,284,12,,,0
21019,'1031451',1024,,285,12,,,0
21019,'1031456',924,,286,12,,,0
21019,'1031460',824,,287,12,,,0
21019,'1031465',1054,,288,12,,,0
21019,'1031508',1754,,289,12,,,0
21019,'1031525',1224,,290,12,,,0
