53019,'1024242',1911,,517,10,,,0
53019,'1024246',2041,,518,10,,,0
53019,'1024254',2111,,519,10,,,0
53019,'1024269',2011,,520,10,,,0
53019,'1024272',2141,,521,10,,,0
53019,'1024279',2211,,522,10,,,0
53019,'1024280',1841,,523,10,,,0
53019,'1024313',1941,,524,10,,,0
53019,'1034057',1908,,525,7,,,0
53019,'1034060',740,,526,11,,,0
53019,'1034061',908,,527,7,,,0
53019,'1034064',1108,,528,7,,,0
53019,'1034065',1410,,529,11,,,0
53019,'1034069',1508,,530,7,,,0
53019,'1034070',1540,,531,11,,,0
53019,'1034072',1838,,532,7,,,0
53019,'1034074',940,,533,11,,,0
53019,'1034077',1208,,534,7,,,0
53019,'1034079',1640,,535,11,,,0
53019,'1034082',1740,,536,11,,,0
53019,'1034083',1738,,537,7,,,0
53019,'1034085',1538,,538,7,,,0
53019,'1034087',840,,539,11,,,0
53019,'1034091',838,,540,7,,,0
53019,'1034092',1008,,541,7,,,0
53019,'1034094',1438,,542,7,,,0
53019,'1034095',808,,543,7,,,0
53019,'1034100',1408,,544,7,,,0
53019,'1034102',810,,545,11,,,0
53019,'1034104',1738,,546,7,,,0
53019,'1034105',1408,,547,7,,,0
53019,'1034106',1240,,548,11,,,0
53019,'1034107',1108,,549,7,,,0
53019,'1034108',908,,550,7,,,0
53019,'1034113',1708,,551,7,,,0
53019,'1034115',1140,,552,11,,,0
53019,'1034116',1938,,553,7,,,0
53019,'1034120',1710,,554,11,,,0
53019,'1034121',838,,555,7,,,0
53019,'1034122',710,,556,11,,,0
53019,'1034123',1808,,557,7,,,0
53019,'1034124',1610,,558,11,,,0
53019,'1034126',1638,,559,7,,,0
53019,'1034127',910,,560,11,,,0
53019,'1034128',1340,,561,11,,,0
53019,'1034135',1608,,562,7,,,0
53019,'1034136',1438,,563,7,,,0
53019,'1034139',1238,,564,7,,,0
53019,'1034140',1038,,565,7,,,0
53019,'1034144',808,,566,7,,,0
53019,'1034145',1708,,567,7,,,0
53019,'1034149',1208,,568,7,,,0
53019,'1034150',1138,,569,7,,,0
53019,'1034151',1040,,570,11,,,0
53019,'1034154',1608,,571,7,,,0
53019,'1034155',1308,,572,7,,,0
53019,'1034157',2038,,573,7,,,0
53019,'1034158',1038,,574,7,,,0
53019,'1034161',1008,,575,7,,,0
53019,'1034162',1138,,576,7,,,0
53019,'1034165',1510,,577,11,,,0
53019,'1034168',1210,,578,11,,,0
53019,'1034169',2008,,579,7,,,0
53019,'1034178',1310,,580,11,,,0
53019,'1034179',1538,,581,7,,,0
53019,'1034182',1808,,582,7,,,0
53019,'1034183',938,,583,7,,,0
53019,'1034185',1238,,584,7,,,0
53019,'1034187',938,,585,7,,,0
53019,'1034190',1338,,586,7,,,0
53019,'1034192',1810,,587,11,,,0
53019,'1034193',1338,,588,7,,,0
53019,'1034194',1110,,589,11,,,0
53019,'1034195',1908,,590,7,,,0
53019,'1034196',1010,,591,11,,,0
53019,'1034198',1838,,592,7,,,0
53019,'1034199',1508,,593,7,,,0
53019,'1034200',1308,,594,7,,,0
53019,'1034202',1638,,595,7,,,0
53019,'1034204',1440,,596,11,,,0
53019,'1034205',640,,597,11,,,0
