10019,'1034055',1700,42,1,15,,,0
10019,'1034056',1900,42,2,15,,,0
10019,'1034058',1800,42,3,15,,,0
10019,'1034059',730,2,4,15,,,0
10019,'1034062',1530,2,5,15,,,0
10019,'1034063',1400,42,6,15,,,0
10019,'1034066',1230,2,7,15,,,0
10019,'1034067',2100,42,8,15,,,0
10019,'1034068',2000,42,9,15,,,0
10019,'1034071',1300,42,10,15,,,0
10019,'1034073',1830,2,11,15,,,0
10019,'1034075',2200,42,12,15,,,0
10019,'1034076',930,2,13,15,,,0
10019,'1034078',1600,42,14,15,,,0
10019,'1034080',1000,42,15,15,,,0
10019,'1034081',2130,2,16,15,,,0
10019,'1034084',1900,42,17,15,,,0
10019,'1034086',1900,42,18,15,,,0
10019,'1034088',1800,42,19,15,,,0
10019,'1034089',1030,2,20,15,,,0
10019,'1034090',1530,2,21,15,,,0
10019,'1034093',2030,2,22,15,,,0
10019,'1034096',1800,42,23,15,,,0
10019,'1034097',1000,42,24,15,,,0
10019,'1034098',1730,2,25,15,,,0
10019,'1034099',900,42,26,15,,,0
10019,'1034101',1430,2,27,15,,,0
10019,'1034103',1300,42,28,15,,,0
10019,'1034109',2230,2,29,15,,,0
10019,'1034110',1030,2,30,15,,,0
10019,'1034111',1730,2,31,15,,,0
10019,'1034112',1830,2,32,15,,,0
10019,'1034114',1500,42,33,15,,,0
10019,'1034117',1200,42,34,15,,,0
10019,'1034118',1430,2,35,15,,,0
10019,'1034119',1530,2,36,15,,,0
10019,'1034125',1130,2,37,15,,,0
10019,'1034129',900,42,38,15,,,0
10019,'1034130',1030,2,39,15,,,0
10019,'1034131',1330,2,40,15,,,0
10019,'1034132',1430,2,41,15,,,0
10019,'1034133',1200,42,42,15,,,0
10019,'1034134',1700,42,43,15,,,0
10019,'1034137',1630,2,44,15,,,0
10019,'1034138',1100,42,45,15,,,0
10019,'1034141',1230,2,46,15,,,0
10019,'1034142',1230,2,47,15,,,0
10019,'1034143',930,2,48,15,,,0
10019,'1034146',1400,42,49,15,,,0
10019,'1034147',1500,42,50,15,,,0
10019,'1034148',1130,2,51,15,,,0
10019,'1034152',2000,42,52,15,,,0
10019,'1034153',1930,2,53,15,,,0
10019,'1034156',830,2,54,15,,,0
10019,'1034159',1630,2,55,15,,,0
10019,'1034160',830,2,56,15,,,0
10019,'1034163',1600,42,57,15,,,0
10019,'1034164',1730,2,58,15,,,0
10019,'1034166',1830,2,59,15,,,0
10019,'1034167',1630,2,60,15,,,0
10019,'1034170',1330,2,61,15,,,0
10019,'1034171',800,42,62,15,,,0
10019,'1034172',1700,42,63,15,,,0
10019,'1034173',930,2,64,15,,,0
10019,'1034174',1600,42,65,15,,,0
10019,'1034175',1330,2,66,15,,,0
10019,'1034176',830,2,67,15,,,0
10019,'1034177',1200,42,68,15,,,0
10019,'1034180',2100,42,69,15,,,0
10019,'1034181',1300,42,70,15,,,0
10019,'1034184',1000,42,71,15,,,0
10019,'1034186',2030,2,72,15,,,0
10019,'1034188',1130,2,73,15,,,0
10019,'1034189',1400,42,74,15,,,0
10019,'1034191',1500,42,75,15,,,0
10019,'1034197',1100,42,76,15,,,0
10019,'1034201',1100,42,77,15,,,0
10019,'1034203',700,42,78,15,,,0
10019,'1034206',900,42,79,15,,,0
10019,'1034207',1930,2,80,15,,,0
