56019,'1023995',915,,598,10,,,0
56019,'1023996',1045,,599,10,,,0
56019,'1024001',815,2,600,10,,,0
56019,'1024009',1015,,601,10,,,0
56019,'1024011',1815,,602,10,,,0
56019,'1024012',1115,,603,10,,,0
56019,'1024019',1545,,604,10,,,0
56019,'1024026',1515,,605,10,,,0
56019,'1024027',1745,,606,10,,,0
56019,'1024031',1145,,607,10,,,0
56019,'1024039',1445,,608,10,,,0
56019,'1024041',645,,609,10,,,0
56019,'1024069',845,,610,10,,,0
56019,'1024071',945,,611,10,,,0
56019,'1024080',715,,612,10,,,0
56019,'1024083',1645,,613,10,,,0
56019,'1024089',1615,,614,10,,,0
56019,'1024090',1215,,615,10,,,0
56019,'1024116',1315,,616,10,,,0
56019,'1024120',1245,,617,10,,,0
56019,'1024130',1415,,618,10,,,0
56019,'1024135',1345,,619,10,,,0
56019,'1024139',1715,,620,10,,,0
56019,'1024140',745,,621,10,,,0
56019,'1031091',1745,,622,10,,,0
56019,'1031104',1345,,623,10,,,0
56019,'1031125',1545,,624,10,,,0
56019,'1031129',1245,,625,10,,,0
56019,'1031130',915,,626,10,,,0
56019,'1031138',845,,627,10,,,0
56019,'1031146',945,,628,10,,,0
56019,'1031158',1815,,629,10,,,0
56019,'1031174',1645,,630,10,,,0
56019,'1031176',1715,,631,10,,,0
56019,'1031184',1545,,632,10,,,0
56019,'1031187',915,,633,10,,,0
56019,'1031196',815,2,634,10,,,0
56019,'1031201',1515,,635,10,,,0
56019,'1031204',1845,,636,10,,,0
56019,'1031209',1815,,637,10,,,0
56019,'1031212',845,,638,10,,,0
56019,'1031229',1315,,639,10,,,0
56019,'1031235',1215,,640,10,,,0
56019,'1031261',1415,,641,10,,,0
56019,'1031274',1145,,642,10,,,0
56019,'1031319',1515,,643,10,,,0
56019,'1031337',1915,,644,10,,,0
56019,'1031343',1915,,645,10,,,0
56019,'1031348',1415,,646,10,,,0
56019,'1031368',1745,,647,10,,,0
56019,'1031370',1045,,648,10,,,0
56019,'1031373',1315,,649,10,,,0
56019,'1031376',1015,,650,10,,,0
56019,'1031386',1215,,651,10,,,0
56019,'1031395',1445,,652,10,,,0
56019,'1031396',1945,,653,10,,,0
56019,'1031404',1615,,654,10,,,0
56019,'1031415',1245,,655,10,,,0
56019,'1031416',1045,,656,10,,,0
56019,'1031419',1115,,657,10,,,0
56019,'1031426',2015,,658,10,,,0
56019,'1031433',1345,,659,10,,,0
56019,'1031449',815,2,660,10,,,0
56019,'1031469',1715,,661,10,,,0
56019,'1031476',1115,,662,10,,,0
56019,'1031478',1845,,663,10,,,0
56019,'1031481',1445,,664,10,,,0
56019,'1031515',2045,,665,10,,,0
56019,'1031520',1015,,666,10,,,0
56019,'1031522',1145,,667,10,,,0
56019,'1031528',1615,,668,10,,,0
56019,'1031532',945,,669,10,,,0
56019,'1031539',1645,,670,10,,,0
61019,'1023602',2205,,671,8,,,0
61019,'1023615',2035,,678,8,,,0
61019,'1023622',2135,,682,8,,,0
61019,'1023627',1835,,684,8,,,0
61019,'1023628',1905,,685,8,,,0
61019,'1023640',2005,,692,8,,,0
61019,'1023649',1935,,697,8,,,0
61019,'1023654',2105,,701,8,,,0
