53019,'1024242',1920,,517,21,,,0
53019,'1024246',2050,,518,21,,,0
53019,'1024254',2120,,519,21,,,0
53019,'1024269',2020,,520,21,,,0
53019,'1024272',2150,,521,21,,,0
53019,'1024279',2220,,522,21,,,0
53019,'1024280',1850,,523,21,,,0
53019,'1024313',1950,,524,21,,,0
53019,'1034057',1920,,525,18,,,0
53019,'1034060',750,,526,22,,,0
53019,'1034061',920,,527,18,,,0
53019,'1034064',1120,,528,18,,,0
53019,'1034065',1420,,529,22,,,0
53019,'1034069',1520,,530,18,,,0
53019,'1034070',1550,,531,22,,,0
53019,'1034072',1850,,532,18,,,0
53019,'1034074',950,,533,22,,,0
53019,'1034077',1220,,534,18,,,0
53019,'1034079',1650,,535,22,,,0
53019,'1034082',1750,,536,22,,,0
53019,'1034083',1750,,537,18,,,0
53019,'1034085',1550,,538,18,,,0
53019,'1034087',850,,539,22,,,0
53019,'1034091',850,,540,18,,,0
53019,'1034092',1020,,541,18,,,0
53019,'1034094',1450,,542,18,,,0
53019,'1034095',820,,543,18,,,0
53019,'1034100',1420,,544,18,,,0
53019,'1034102',820,,545,22,,,0
53019,'1034104',1750,,546,18,,,0
53019,'1034105',1420,,547,18,,,0
53019,'1034106',1250,,548,22,,,0
53019,'1034107',1120,,549,18,,,0
53019,'1034108',920,,550,18,,,0
53019,'1034113',1720,,551,18,,,0
53019,'1034115',1150,,552,22,,,0
53019,'1034116',1950,,553,18,,,0
53019,'1034120',1720,,554,22,,,0
53019,'1034121',850,,555,18,,,0
53019,'1034122',720,,556,22,,,0
53019,'1034123',1820,,557,18,,,0
53019,'1034124',1620,,558,22,,,0
53019,'1034126',1650,,559,18,,,0
53019,'1034127',920,,560,22,,,0
53019,'1034128',1350,,561,22,,,0
53019,'1034135',1620,,562,18,,,0
53019,'1034136',1450,,563,18,,,0
53019,'1034139',1250,,564,18,,,0
53019,'1034140',1050,,565,18,,,0
53019,'1034144',820,,566,18,,,0
53019,'1034145',1720,,567,18,,,0
53019,'1034149',1220,,568,18,,,0
53019,'1034150',1150,,569,18,,,0
53019,'1034151',1050,,570,22,,,0
53019,'1034154',1620,,571,18,,,0
53019,'1034155',1320,,572,18,,,0
53019,'1034157',2050,,573,18,,,0
53019,'1034158',1050,,574,18,,,0
53019,'1034161',1020,,575,18,,,0
53019,'1034162',1150,,576,18,,,0
53019,'1034165',1520,,577,22,,,0
53019,'1034168',1220,,578,22,,,0
53019,'1034169',2020,,579,18,,,0
53019,'1034178',1320,,580,22,,,0
53019,'1034179',1550,,581,18,,,0
53019,'1034182',1820,,582,18,,,0
53019,'1034183',950,,583,18,,,0
53019,'1034185',1250,,584,18,,,0
53019,'1034187',950,,585,18,,,0
53019,'1034190',1350,,586,18,,,0
53019,'1034192',1820,,587,22,,,0
53019,'1034193',1350,,588,18,,,0
53019,'1034194',1120,,589,22,,,0
53019,'1034195',1920,,590,18,,,0
53019,'1034196',1020,,591,22,,,0
53019,'1034198',1850,,592,18,,,0
53019,'1034199',1520,,593,18,,,0
53019,'1034200',1320,,594,18,,,0
53019,'1034202',1650,,595,18,,,0
53019,'1034204',1450,,596,22,,,0
53019,'1034205',650,,597,22,,,0
