22019,'1022997',725,,291,13,,,0
22019,'1023022',755,,292,13,,,0
22019,'1023024',825,,293,13,,,0
22019,'1023029',655,,294,13,,,0
22019,'1031072',1655,,295,13,,,0
22019,'1031092',1755,,296,13,,,0
22019,'1031115',855,,297,13,,,0
22019,'1031118',1555,,298,13,,,0
22019,'1031144',1625,,299,13,,,0
22019,'1031148',1825,,300,13,,,0
22019,'1031154',1925,,301,13,,,0
22019,'1031183',1055,,302,13,,,0
22019,'1031207',1355,,303,13,,,0
22019,'1031214',925,,304,13,,,0
22019,'1031231',2025,,305,13,,,0
22019,'1031242',1855,,306,13,,,0
22019,'1031254',1125,,307,13,,,0
22019,'1031263',955,,308,13,,,0
22019,'1031347',825,,309,13,,,0
22019,'1031350',1725,,310,13,,,0
22019,'1031371',1425,,311,13,,,0
22019,'1031380',1325,,312,13,,,0
22019,'1031420',1225,,313,13,,,0
22019,'1031434',1255,,314,13,,,0
22019,'1031438',1955,,315,13,,,0
22019,'1031492',1025,,316,13,,,0
22019,'1031495',2055,,317,13,,,0
22019,'1031502',1155,,318,13,,,0
22019,'1031527',1525,,319,13,,,0
22019,'1031542',1455,,320,13,,,0
22019,'1032755',1555,,321,13,,,0
22019,'1032756',1825,,322,13,,,0
22019,'1032773',1655,,323,13,,,0
22019,'1032797',1255,,324,13,,,0
22019,'1032815',1055,,325,13,,,0
22019,'1032835',1455,,326,13,,,0
22019,'1032845',925,,327,13,,,0
22019,'1032853',1225,,328,13,,,0
22019,'1032859',1125,,329,13,,,0
22019,'1032863',1755,,330,13,,,0
22019,'1032864',1625,,331,13,,,0
22019,'1032879',1025,,332,13,,,0
22019,'1032880',1325,,333,13,,,0
22019,'1032886',1155,,334,13,,,0
22019,'1032888',1355,,335,13,,,0
22019,'1032891',1725,,336,13,,,0
22019,'1032902',855,,337,13,,,0
22019,'1032903',955,,338,13,,,0
22019,'1032927',1425,,339,13,,,0
22019,'1032931',1525,,340,13,,,0
