31019,'1023497',936,,445,7,0,5 6,0
31019,'1023498',1606,,446,7,0,5 6,0
31019,'1023502',1806,,447,7,0,5 6,0
31019,'1023504',1106,,448,7,0,5 6,0
31019,'1023514',1506,,449,7,0,5 6,0
31019,'1023515',836,,450,7,0,5 6,0
31019,'1023516',1336,,451,7,0,5 6,0
31019,'1023523',1436,,452,7,0,5 6,0
31019,'1023524',706,,453,7,0,5 6,0
31019,'1023532',1306,,454,7,0,5 6,0
31019,'1023535',1736,,455,7,0,5 6,0
31019,'1023540',1206,,456,7,0,5 6,0
31019,'1023543',1836,,457,7,0,5 6,0
31019,'1023553',1136,,458,7,0,5 6,0
31019,'1023555',1536,,459,7,0,5 6,0
31019,'1023561',1706,,460,7,0,5 6,0
31019,'1023562',1036,,461,7,0,5 6,0
31019,'1023568',1005,,462,7,0,5 6,0
31019,'1023572',1406,,463,7,0,5 6,0
31019,'1023574',906,,464,7,0,5 6,0
31019,'1023581',1236,,465,7,0,5 6,0
31019,'1023583',806,,466,7,0,5 6,0
31019,'1023586',736,,467,7,0,5 6,0
31019,'1023590',1636,,468,7,0,5 6,0
