22019,'1022997',724,,291,12,,,0
22019,'1023022',754,,292,12,,,0
22019,'1023024',824,,293,12,,,0
22019,'1023029',654,,294,12,,,0
22019,'1031072',1654,,295,12,,,0
22019,'1031092',1754,,296,12,,,0
22019,'1031115',854,,297,12,,,0
22019,'1031118',1554,,298,12,,,0
22019,'1031144',1624,,299,12,,,0
22019,'1031148',1824,,300,12,,,0
22019,'1031154',1924,,301,12,,,0
22019,'1031183',1054,,302,12,,,0
22019,'1031207',1354,,303,12,,,0
22019,'1031214',924,,304,12,,,0
22019,'1031231',2024,,305,12,,,0
22019,'1031242',1854,,306,12,,,0
22019,'1031254',1124,,307,12,,,0
22019,'1031263',954,,308,12,,,0
22019,'1031347',824,,309,12,,,0
22019,'1031350',1724,,310,12,,,0
22019,'1031371',1424,,311,12,,,0
22019,'1031380',1324,,312,12,,,0
22019,'1031420',1224,,313,12,,,0
22019,'1031434',1254,,314,12,,,0
22019,'1031438',1954,,315,12,,,0
22019,'1031492',1024,,316,12,,,0
22019,'1031495',2054,,317,12,,,0
22019,'1031502',1154,,318,12,,,0
22019,'1031527',1524,,319,12,,,0
22019,'1031542',1454,,320,12,,,0
22019,'1032755',1554,,321,12,,,0
22019,'1032756',1824,,322,12,,,0
22019,'1032773',1654,,323,12,,,0
22019,'1032797',1254,,324,12,,,0
22019,'1032815',1054,,325,12,,,0
22019,'1032835',1454,,326,12,,,0
22019,'1032845',924,,327,12,,,0
22019,'1032853',1224,,328,12,,,0
22019,'1032859',1124,,329,12,,,0
22019,'1032863',1754,,330,12,,,0
22019,'1032864',1624,,331,12,,,0
22019,'1032879',1024,,332,12,,,0
22019,'1032880',1324,,333,12,,,0
22019,'1032886',1154,,334,12,,,0
22019,'1032888',1354,,335,12,,,0
22019,'1032891',1724,,336,12,,,0
22019,'1032902',854,,337,12,,,0
22019,'1032903',954,,338,12,,,0
22019,'1032927',1424,,339,12,,,0
22019,'1032931',1524,,340,12,,,0
