10019,'1034055',1649,,1,6,,,0
10019,'1034056',1849,,2,6,,,0
10019,'1034058',1749,,3,6,,,0
10019,'1034059',719,,4,6,,,0
10019,'1034062',1519,,5,6,,,0
10019,'1034063',1349,,6,6,,,0
10019,'1034066',1219,,7,6,,,0
10019,'1034067',2049,,8,6,,,0
10019,'1034068',1949,,9,6,,,0
10019,'1034071',1249,,10,6,,,0
10019,'1034073',1819,,11,6,,,0
10019,'1034075',2149,,12,6,,,0
10019,'1034076',919,,13,6,,,0
10019,'1034078',1549,,14,6,,,0
10019,'1034080',949,,15,6,,,0
10019,'1034081',2119,,16,6,,,0
10019,'1034084',1849,,17,6,,,0
10019,'1034086',1849,,18,6,,,0
10019,'1034088',1749,,19,6,,,0
10019,'1034089',1019,,20,6,,,0
10019,'1034090',1519,,21,6,,,0
10019,'1034093',2019,,22,6,,,0
10019,'1034096',1749,,23,6,,,0
10019,'1034097',949,,24,6,,,0
10019,'1034098',1719,,25,6,,,0
10019,'1034099',849,,26,6,,,0
10019,'1034101',1419,,27,6,,,0
10019,'1034103',1249,,28,6,,,0
10019,'1034109',2219,,29,6,,,0
10019,'1034110',1019,,30,6,,,0
10019,'1034111',1719,,31,6,,,0
10019,'1034112',1819,,32,6,,,0
10019,'1034114',1449,,33,6,,,0
10019,'1034117',1149,,34,6,,,0
10019,'1034118',1419,,35,6,,,0
10019,'1034119',1519,,36,6,,,0
10019,'1034125',1119,,37,6,,,0
10019,'1034129',849,,38,6,,,0
10019,'1034130',1019,,39,6,,,0
10019,'1034131',1319,,40,6,,,0
10019,'1034132',1419,,41,6,,,0
10019,'1034133',1149,,42,6,,,0
10019,'1034134',1649,,43,6,,,0
10019,'1034137',1619,,44,6,,,0
10019,'1034138',1049,,45,6,,,0
10019,'1034141',1219,,46,6,,,0
10019,'1034142',1219,,47,6,,,0
10019,'1034143',919,,48,6,,,0
10019,'1034146',1349,,49,6,,,0
10019,'1034147',1449,,50,6,,,0
10019,'1034148',1119,,51,6,,,0
10019,'1034152',1949,,52,6,,,0
10019,'1034153',1919,,53,6,,,0
10019,'1034156',819,,54,6,,,0
10019,'1034159',1619,,55,6,,,0
10019,'1034160',819,,56,6,,,0
10019,'1034163',1549,,57,6,,,0
10019,'1034164',1719,,58,6,,,0
10019,'1034166',1819,,59,6,,,0
10019,'1034167',1619,,60,6,,,0
10019,'1034170',1319,,61,6,,,0
10019,'1034171',749,,62,6,,,0
10019,'1034172',1649,,63,6,,,0
10019,'1034173',919,,64,6,,,0
10019,'1034174',1549,,65,6,,,0
10019,'1034175',1319,,66,6,,,0
10019,'1034176',819,,67,6,,,0
10019,'1034177',1149,,68,6,,,0
10019,'1034180',2049,,69,6,,,0
10019,'1034181',1249,,70,6,,,0
10019,'1034184',949,,71,6,,,0
10019,'1034186',2019,,72,6,,,0
10019,'1034188',1119,,73,6,,,0
10019,'1034189',1349,,74,6,,,0
10019,'1034191',1449,,75,6,,,0
10019,'1034197',1049,,76,6,,,0
10019,'1034201',1049,,77,6,,,0
10019,'1034203',649,,78,6,,,0
10019,'1034206',849,,79,6,,,0
10019,'1034207',1919,,80,6,,,0
