10019,'1034055',1702,,1,21,,,0
10019,'1034056',1902,,2,21,,,0
10019,'1034058',1802,,3,21,,,0
10019,'1034059',732,,4,21,,,0
10019,'1034062',1532,,5,21,,,0
10019,'1034063',1402,,6,21,,,0
10019,'1034066',1232,,7,21,,,0
10019,'1034067',2102,,8,21,,,0
10019,'1034068',2002,,9,21,,,0
10019,'1034071',1302,,10,21,,,0
10019,'1034073',1832,,11,21,,,0
10019,'1034075',2202,,12,21,,,0
10019,'1034076',932,,13,21,,,0
10019,'1034078',1602,,14,21,,,0
10019,'1034080',1002,,15,21,,,0
10019,'1034081',2132,,16,21,,,0
10019,'1034084',1902,,17,21,,,0
10019,'1034086',1902,,18,21,,,0
10019,'1034088',1802,,19,21,,,0
10019,'1034089',1032,,20,21,,,0
10019,'1034090',1532,,21,21,,,0
10019,'1034093',2032,,22,21,,,0
10019,'1034096',1802,,23,21,,,0
10019,'1034097',1002,,24,21,,,0
10019,'1034098',1732,,25,21,,,0
10019,'1034099',902,,26,21,,,0
10019,'1034101',1432,,27,21,,,0
10019,'1034103',1302,,28,21,,,0
10019,'1034109',2232,,29,21,,,0
10019,'1034110',1032,,30,21,,,0
10019,'1034111',1732,,31,21,,,0
10019,'1034112',1832,,32,21,,,0
10019,'1034114',1502,,33,21,,,0
10019,'1034117',1202,,34,21,,,0
10019,'1034118',1432,,35,21,,,0
10019,'1034119',1532,,36,21,,,0
10019,'1034125',1132,,37,21,,,0
10019,'1034129',902,,38,21,,,0
10019,'1034130',1032,,39,21,,,0
10019,'1034131',1332,,40,21,,,0
10019,'1034132',1432,,41,21,,,0
10019,'1034133',1202,,42,21,,,0
10019,'1034134',1702,,43,21,,,0
10019,'1034137',1632,,44,21,,,0
10019,'1034138',1102,,45,21,,,0
10019,'1034141',1232,,46,21,,,0
10019,'1034142',1232,,47,21,,,0
10019,'1034143',932,,48,21,,,0
10019,'1034146',1402,,49,21,,,0
10019,'1034147',1502,,50,21,,,0
10019,'1034148',1132,,51,21,,,0
10019,'1034152',2002,,52,21,,,0
10019,'1034153',1932,,53,21,,,0
10019,'1034156',836,,54,21,,,0
10019,'1034159',1632,,55,21,,,0
10019,'1034160',836,,56,21,,,0
10019,'1034163',1602,,57,21,,,0
10019,'1034164',1732,,58,21,,,0
10019,'1034166',1832,,59,21,,,0
10019,'1034167',1632,,60,21,,,0
10019,'1034170',1332,,61,21,,,0
10019,'1034171',802,,62,21,,,0
10019,'1034172',1702,,63,21,,,0
10019,'1034173',932,,64,21,,,0
10019,'1034174',1602,,65,21,,,0
10019,'1034175',1332,,66,21,,,0
10019,'1034176',832,,67,21,,,0
10019,'1034177',1202,,68,21,,,0
10019,'1034180',2102,,69,21,,,0
10019,'1034181',1302,,70,21,,,0
10019,'1034184',1002,,71,21,,,0
10019,'1034186',2032,,72,21,,,0
10019,'1034188',1132,,73,21,,,0
10019,'1034189',1402,,74,21,,,0
10019,'1034191',1502,,75,21,,,0
10019,'1034197',1102,,76,21,,,0
10019,'1034201',1102,,77,21,,,0
10019,'1034203',709,,78,21,,,0
10019,'1034206',902,,79,21,,,0
10019,'1034207',1932,,80,21,,,0
