31029,'1023499',1422,,469,11,0,5 6,0
31029,'1023506',1522,,470,11,0,5 6,0
31029,'1023507',1222,,471,11,0,5 6,0
31029,'1023508',952,,472,11,0,5 6,0
31029,'1023509',752,,473,11,0,5 6,0
31029,'1023511',1452,,474,11,0,5 6,0
31029,'1023513',652,,475,11,0,5 6,0
31029,'1023518',1622,,476,11,0,5 6,0
31029,'1023526',1252,,477,11,0,5 6,0
31029,'1023527',1752,,478,11,0,5 6,0
31029,'1023529',1022,,479,11,0,5 6,0
31029,'1023539',922,,480,11,0,5 6,0
31029,'1023541',852,,481,11,0,5 6,0
31029,'1023542',1322,,482,11,0,5 6,0
31029,'1023546',1122,,483,11,0,5 6,0
31029,'1023552',1722,,484,11,0,5 6,0
31029,'1023556',1822,,485,11,0,5 6,0
31029,'1023557',1552,,486,11,0,5 6,0
31029,'1023564',1152,,487,11,0,5 6,0
31029,'1023565',1052,,488,11,0,5 6,0
31029,'1023567',822,,489,11,0,5 6,0
31029,'1023576',1652,,490,11,0,5 6,0
31029,'1023582',722,,491,11,0,5 6,0
31029,'1023584',1352,,492,11,0,5 6,0
