56019,'1023995',907,,598,3,,,0
56019,'1023996',1037,,599,3,,,0
56019,'1024001',807,,600,3,,,0
56019,'1024009',1007,,601,3,,,0
56019,'1024011',1807,,602,3,,,0
56019,'1024012',1107,,603,3,,,0
56019,'1024019',1537,,604,3,,,0
56019,'1024026',1507,,605,3,,,0
56019,'1024027',1737,,606,3,,,0
56019,'1024031',1137,,607,3,,,0
56019,'1024039',1437,,608,3,,,0
56019,'1024041',637,,609,3,,,0
56019,'1024069',837,,610,3,,,0
56019,'1024071',937,,611,3,,,0
56019,'1024080',707,,612,3,,,0
56019,'1024083',1637,,613,3,,,0
56019,'1024089',1607,,614,3,,,0
56019,'1024090',1207,,615,3,,,0
56019,'1024116',1307,,616,3,,,0
56019,'1024120',1237,,617,3,,,0
56019,'1024130',1407,,618,3,,,0
56019,'1024135',1337,,619,3,,,0
56019,'1024139',1707,,620,3,,,0
56019,'1024140',737,,621,3,,,0
56019,'1031091',1737,,622,3,,,0
56019,'1031104',1337,,623,3,,,0
56019,'1031125',1537,,624,3,,,0
56019,'1031129',1237,,625,3,,,0
56019,'1031130',907,,626,3,,,0
56019,'1031138',837,,627,3,,,0
56019,'1031146',937,,628,3,,,0
56019,'1031158',1807,,629,3,,,0
56019,'1031174',1637,,630,3,,,0
56019,'1031176',1707,,631,3,,,0
56019,'1031184',1537,,632,3,,,0
56019,'1031187',907,,633,3,,,0
56019,'1031196',807,,634,3,,,0
56019,'1031201',1507,,635,3,,,0
56019,'1031204',1837,,636,3,,,0
56019,'1031209',1807,,637,3,,,0
56019,'1031212',837,,638,3,,,0
56019,'1031229',1307,,639,3,,,0
56019,'1031235',1207,,640,3,,,0
56019,'1031261',1407,,641,3,,,0
56019,'1031274',1137,,642,3,,,0
56019,'1031319',1507,,643,3,,,0
56019,'1031337',1907,,644,3,,,0
56019,'1031343',1907,,645,3,,,0
56019,'1031348',1407,,646,3,,,0
56019,'1031368',1737,,647,3,,,0
56019,'1031370',1037,,648,3,,,0
56019,'1031373',1307,,649,3,,,0
56019,'1031376',1007,,650,3,,,0
56019,'1031386',1207,,651,3,,,0
56019,'1031395',1437,,652,3,,,0
56019,'1031396',1937,,653,3,,,0
56019,'1031404',1607,,654,3,,,0
56019,'1031415',1237,,655,3,,,0
56019,'1031416',1037,,656,3,,,0
56019,'1031419',1107,,657,3,,,0
56019,'1031426',2007,,658,3,,,0
56019,'1031433',1337,,659,3,,,0
56019,'1031449',807,,660,3,,,0
56019,'1031469',1707,,661,3,,,0
56019,'1031476',1107,,662,3,,,0
56019,'1031478',1837,,663,3,,,0
56019,'1031481',1437,,664,3,,,0
56019,'1031515',2037,,665,3,,,0
56019,'1031520',1007,,666,3,,,0
56019,'1031522',1137,,667,3,,,0
56019,'1031528',1607,,668,3,,,0
56019,'1031532',937,,669,3,,,0
56019,'1031539',1637,,670,3,,,0
