22019,'1022997',731,,291,16,,,0
22019,'1023022',801,,292,16,,,0
22019,'1023024',831,,293,16,,,0
22019,'1023029',701,,294,16,,,0
22019,'1031072',1701,,295,16,,,0
22019,'1031092',1801,,296,16,,,0
22019,'1031115',901,,297,16,,,0
22019,'1031118',1601,,298,16,,,0
22019,'1031144',1631,,299,16,,,0
22019,'1031148',1831,,300,16,,,0
22019,'1031154',1931,,301,16,,,0
22019,'1031183',1101,,302,16,,,0
22019,'1031207',1401,,303,16,,,0
22019,'1031214',931,,304,16,,,0
22019,'1031231',2031,,305,16,,,0
22019,'1031242',1901,,306,16,,,0
22019,'1031254',1131,,307,16,,,0
22019,'1031263',1001,,308,16,,,0
22019,'1031347',831,,309,16,,,0
22019,'1031350',1731,,310,16,,,0
22019,'1031371',1431,,311,16,,,0
22019,'1031380',1331,,312,16,,,0
22019,'1031420',1231,,313,16,,,0
22019,'1031434',1301,,314,16,,,0
22019,'1031438',2001,,315,16,,,0
22019,'1031492',1031,,316,16,,,0
22019,'1031495',2101,,317,16,,,0
22019,'1031502',1201,,318,16,,,0
22019,'1031527',1531,,319,16,,,0
22019,'1031542',1501,,320,16,,,0
22019,'1032755',1601,,321,16,,,0
22019,'1032756',1831,,322,16,,,0
22019,'1032773',1701,,323,16,,,0
22019,'1032797',1301,,324,16,,,0
22019,'1032815',1101,,325,16,,,0
22019,'1032835',1501,,326,16,,,0
22019,'1032845',931,,327,16,,,0
22019,'1032853',1231,,328,16,,,0
22019,'1032859',1131,,329,16,,,0
22019,'1032863',1801,,330,16,,,0
22019,'1032864',1631,,331,16,,,0
22019,'1032879',1031,,332,16,,,0
22019,'1032880',1331,,333,16,,,0
22019,'1032886',1201,,334,16,,,0
22019,'1032888',1401,,335,16,,,0
22019,'1032891',1731,,336,16,,,0
22019,'1032902',901,,337,16,,,0
22019,'1032903',1001,,338,16,,,0
22019,'1032927',1431,,339,16,,,0
22019,'1032931',1531,,340,16,,,0
