10019,'1034055',1652,2,1,7,,,0
10019,'1034056',1852,2,2,7,,,0
10019,'1034058',1752,2,3,7,,,0
10019,'1034059',722,2,4,7,,,0
10019,'1034062',1522,2,5,7,,,0
10019,'1034063',1352,2,6,7,,,0
10019,'1034066',1222,2,7,7,,,0
10019,'1034067',2052,2,8,7,,,0
10019,'1034068',1952,2,9,7,,,0
10019,'1034071',1252,2,10,7,,,0
10019,'1034073',1822,2,11,7,,,0
10019,'1034075',2152,2,12,7,,,0
10019,'1034076',922,2,13,7,,,0
10019,'1034078',1552,2,14,7,,,0
10019,'1034080',952,2,15,7,,,0
10019,'1034081',2122,2,16,7,,,0
10019,'1034084',1852,2,17,7,,,0
10019,'1034086',1852,2,18,7,,,0
10019,'1034088',1752,2,19,7,,,0
10019,'1034089',1022,2,20,7,,,0
10019,'1034090',1522,2,21,7,,,0
10019,'1034093',2022,2,22,7,,,0
10019,'1034096',1752,2,23,7,,,0
10019,'1034097',952,2,24,7,,,0
10019,'1034098',1722,2,25,7,,,0
10019,'1034099',852,2,26,7,,,0
10019,'1034101',1422,2,27,7,,,0
10019,'1034103',1252,2,28,7,,,0
10019,'1034109',2222,2,29,7,,,0
10019,'1034110',1022,2,30,7,,,0
10019,'1034111',1722,2,31,7,,,0
10019,'1034112',1822,2,32,7,,,0
10019,'1034114',1452,2,33,7,,,0
10019,'1034117',1152,2,34,7,,,0
10019,'1034118',1422,2,35,7,,,0
10019,'1034119',1522,2,36,7,,,0
10019,'1034125',1122,2,37,7,,,0
10019,'1034129',852,2,38,7,,,0
10019,'1034130',1022,2,39,7,,,0
10019,'1034131',1322,2,40,7,,,0
10019,'1034132',1422,2,41,7,,,0
10019,'1034133',1152,2,42,7,,,0
10019,'1034134',1652,2,43,7,,,0
10019,'1034137',1622,2,44,7,,,0
10019,'1034138',1052,2,45,7,,,0
10019,'1034141',1222,2,46,7,,,0
10019,'1034142',1222,2,47,7,,,0
10019,'1034143',922,2,48,7,,,0
10019,'1034146',1352,2,49,7,,,0
10019,'1034147',1452,2,50,7,,,0
10019,'1034148',1122,2,51,7,,,0
10019,'1034152',1952,2,52,7,,,0
10019,'1034153',1922,2,53,7,,,0
10019,'1034156',822,2,54,7,,,0
10019,'1034159',1622,2,55,7,,,0
10019,'1034160',822,2,56,7,,,0
10019,'1034163',1552,2,57,7,,,0
10019,'1034164',1722,2,58,7,,,0
10019,'1034166',1822,2,59,7,,,0
10019,'1034167',1622,2,60,7,,,0
10019,'1034170',1322,2,61,7,,,0
10019,'1034171',752,2,62,7,,,0
10019,'1034172',1652,2,63,7,,,0
10019,'1034173',922,2,64,7,,,0
10019,'1034174',1552,2,65,7,,,0
10019,'1034175',1322,2,66,7,,,0
10019,'1034176',822,2,67,7,,,0
10019,'1034177',1152,2,68,7,,,0
10019,'1034180',2052,2,69,7,,,0
10019,'1034181',1252,2,70,7,,,0
10019,'1034184',952,2,71,7,,,0
10019,'1034186',2022,2,72,7,,,0
10019,'1034188',1122,2,73,7,,,0
10019,'1034189',1352,2,74,7,,,0
10019,'1034191',1452,2,75,7,,,0
10019,'1034197',1052,2,76,7,,,0
10019,'1034201',1052,2,77,7,,,0
10019,'1034203',652,2,78,7,,,0
10019,'1034206',852,2,79,7,,,0
10019,'1034207',1922,2,80,7,,,0
