10019,'1034055',1701,,1,18,,,0
10019,'1034056',1901,,2,18,,,0
10019,'1034058',1801,,3,18,,,0
10019,'1034059',731,,4,18,,,0
10019,'1034062',1531,,5,18,,,0
10019,'1034063',1401,,6,18,,,0
10019,'1034066',1231,,7,18,,,0
10019,'1034067',2101,,8,18,,,0
10019,'1034068',2001,,9,18,,,0
10019,'1034071',1301,,10,18,,,0
10019,'1034073',1831,,11,18,,,0
10019,'1034075',2201,,12,18,,,0
10019,'1034076',931,,13,18,,,0
10019,'1034078',1601,,14,18,,,0
10019,'1034080',1001,,15,18,,,0
10019,'1034081',2131,,16,18,,,0
10019,'1034084',1901,,17,18,,,0
10019,'1034086',1901,,18,18,,,0
10019,'1034088',1801,,19,18,,,0
10019,'1034089',1031,,20,18,,,0
10019,'1034090',1531,,21,18,,,0
10019,'1034093',2031,,22,18,,,0
10019,'1034096',1801,,23,18,,,0
10019,'1034097',1001,,24,18,,,0
10019,'1034098',1731,,25,18,,,0
10019,'1034099',901,,26,18,,,0
10019,'1034101',1431,,27,18,,,0
10019,'1034103',1301,,28,18,,,0
10019,'1034109',2231,,29,18,,,0
10019,'1034110',1031,,30,18,,,0
10019,'1034111',1731,,31,18,,,0
10019,'1034112',1831,,32,18,,,0
10019,'1034114',1501,,33,18,,,0
10019,'1034117',1201,,34,18,,,0
10019,'1034118',1431,,35,18,,,0
10019,'1034119',1531,,36,18,,,0
10019,'1034125',1131,,37,18,,,0
10019,'1034129',901,,38,18,,,0
10019,'1034130',1031,,39,18,,,0
10019,'1034131',1331,,40,18,,,0
10019,'1034132',1431,,41,18,,,0
10019,'1034133',1201,,42,18,,,0
10019,'1034134',1701,,43,18,,,0
10019,'1034137',1631,,44,18,,,0
10019,'1034138',1101,,45,18,,,0
10019,'1034141',1231,,46,18,,,0
10019,'1034142',1231,,47,18,,,0
10019,'1034143',931,,48,18,,,0
10019,'1034146',1401,,49,18,,,0
10019,'1034147',1501,,50,18,,,0
10019,'1034148',1131,,51,18,,,0
10019,'1034152',2001,,52,18,,,0
10019,'1034153',1931,,53,18,,,0
10019,'1034156',833,,54,18,,,0
10019,'1034159',1631,,55,18,,,0
10019,'1034160',833,,56,18,,,0
10019,'1034163',1601,,57,18,,,0
10019,'1034164',1731,,58,18,,,0
10019,'1034166',1831,,59,18,,,0
10019,'1034167',1631,,60,18,,,0
10019,'1034170',1331,,61,18,,,0
10019,'1034171',801,,62,18,,,0
10019,'1034172',1701,,63,18,,,0
10019,'1034173',931,,64,18,,,0
10019,'1034174',1601,,65,18,,,0
10019,'1034175',1331,,66,18,,,0
10019,'1034176',831,,67,18,,,0
10019,'1034177',1201,,68,18,,,0
10019,'1034180',2101,,69,18,,,0
10019,'1034181',1301,,70,18,,,0
10019,'1034184',1001,,71,18,,,0
10019,'1034186',2031,,72,18,,,0
10019,'1034188',1131,,73,18,,,0
10019,'1034189',1401,,74,18,,,0
10019,'1034191',1501,,75,18,,,0
10019,'1034197',1101,,76,18,,,0
10019,'1034201',1101,,77,18,,,0
10019,'1034203',704,,78,18,,,0
10019,'1034206',901,,79,18,,,0
10019,'1034207',1931,,80,18,,,0
