11019,'1032754',1422,2,81,8,,,0
11019,'1032757',852,2,82,8,,,0
11019,'1032758',1322,2,83,8,,,0
11019,'1032760',2222,2,84,8,,,0
11019,'1032761',2052,2,85,8,,,0
11019,'1032765',1752,2,86,8,,,0
11019,'1032766',1522,2,87,8,,,0
11019,'1032768',1522,2,88,8,,,0
11019,'1032771',2022,2,89,8,,,0
11019,'1032772',1352,2,90,8,,,0
11019,'1032774',852,2,91,8,,,0
11019,'1032775',952,2,92,8,,,0
11019,'1032776',1822,2,93,8,,,0
11019,'1032777',1122,2,94,8,,,0
11019,'1032779',1722,2,95,8,,,0
11019,'1032780',1452,2,96,8,,,0
11019,'1032781',1622,2,97,8,,,0
11019,'1032784',1222,2,98,8,,,0
11019,'1032785',1822,2,99,8,,,0
11019,'1032787',1552,2,100,8,,,0
11019,'1032795',1352,2,101,8,,,0
11019,'1032796',1152,2,102,8,,,0
11019,'1032798',1452,2,103,8,,,0
11019,'1032801',1322,2,104,8,,,0
11019,'1032803',1022,2,105,8,,,0
11019,'1032804',1252,2,106,8,,,0
11019,'1032807',1752,2,107,8,,,0
11019,'1032809',1952,2,108,8,,,0
11019,'1032810',1422,2,109,8,,,0
11019,'1032814',1552,2,110,8,,,0
11019,'1032816',1952,2,111,8,,,0
11019,'1032817',1922,2,112,8,,,0
11019,'1032820',852,2,113,8,,,0
11019,'1032821',1222,2,114,8,,,0
11019,'1032822',922,2,115,8,,,0
11019,'1032823',952,2,116,8,,,0
11019,'1032824',1022,2,117,8,,,0
11019,'1032826',1652,2,118,8,,,0
11019,'1032827',1052,2,119,8,,,0
11019,'1032828',752,2,120,8,,,0
11019,'1032831',1322,2,121,8,,,0
11019,'1032834',1022,2,122,8,,,0
11019,'1032838',2052,2,123,8,,,0
11019,'1032839',1752,2,124,8,,,0
11019,'1032841',1922,2,125,8,,,0
11019,'1032846',722,2,126,8,,,0
11019,'1032848',1852,2,127,8,,,0
11019,'1032850',1552,2,128,8,,,0
11019,'1032857',1822,2,129,8,,,0
11019,'1032858',2022,2,130,8,,,0
11019,'1032860',1052,2,131,8,,,0
11019,'1032862',1852,2,132,8,,,0
11019,'1032865',822,2,133,8,,,0
11019,'1032866',922,2,134,8,,,0
11019,'1032867',1622,2,135,8,,,0
11019,'1032871',1652,2,136,8,,,0
11019,'1032872',1422,2,137,8,,,0
11019,'1032875',1122,2,138,8,,,0
11019,'1032876',1122,2,139,8,,,0
11019,'1032881',1852,2,140,8,,,0
11019,'1032882',922,2,141,8,,,0
11019,'1032883',2122,1,142,8,,,0
11019,'1032885',1722,2,143,8,,,0
11019,'1032887',1722,2,144,8,,,0
11019,'1032890',1622,2,145,8,,,0
11019,'1032892',952,2,146,8,,,0
11019,'1032894',1252,2,147,8,,,0
11019,'1032896',1052,2,148,8,,,0
11019,'1032901',1152,2,149,8,,,0
11019,'1032904',2152,2,150,8,,,0
11019,'1032906',1252,2,151,8,,,0
11019,'1032908',822,2,152,8,,,0
11019,'1032909',822,2,153,8,,,0
11019,'1032911',1352,2,154,8,,,0
11019,'1032913',652,2,155,8,,,0
11019,'1032917',1222,2,156,8,,,0
11019,'1032919',1522,2,157,8,,,0
11019,'1032926',1452,2,158,8,,,0
11019,'1032928',1152,2,159,8,,,0
11019,'1032930',1652,2,160,8,,,0
