46019,'1024244',1335,,493,20,,,0
46019,'1024245',835,,494,20,,,0
46019,'1024250',1205,,495,20,,,0
46019,'1024253',1605,,496,20,,,0
46019,'1024263',735,,497,20,,,0
46019,'1024264',1235,,498,20,,,0
46019,'1024266',805,,499,20,,,0
46019,'1024267',1435,,500,20,,,0
46019,'1024268',1635,,501,20,,,0
46019,'1024271',1505,,502,20,,,0
46019,'1024278',1705,,503,20,,,0
46019,'1024282',1135,,504,20,,,0
46019,'1024288',935,,505,20,,,0
46019,'1024289',1735,,506,20,,,0
46019,'1024295',1005,,507,20,,,0
46019,'1024296',1805,,508,20,,,0
46019,'1024297',1835,,509,20,,,0
46019,'1024300',1305,,510,20,,,0
46019,'1024301',905,,511,20,,,0
46019,'1024303',1535,,512,20,,,0
46019,'1024304',1105,,513,20,,,0
46019,'1024309',1405,,514,20,,,0
46019,'1024310',705,,515,20,,,0
46019,'1024312',1035,,516,20,,,0
