22019,'1022997',718,,291,7,,,0
22019,'1023022',748,,292,7,,,0
22019,'1023024',818,,293,7,,,0
22019,'1023029',648,,294,7,,,0
22019,'1031072',1648,,295,7,,,0
22019,'1031092',1748,,296,7,,,0
22019,'1031115',848,,297,7,,,0
22019,'1031118',1548,,298,7,,,0
22019,'1031144',1618,,299,7,,,0
22019,'1031148',1818,,300,7,,,0
22019,'1031154',1918,,301,7,,,0
22019,'1031183',1048,,302,7,,,0
22019,'1031207',1348,,303,7,,,0
22019,'1031214',918,,304,7,,,0
22019,'1031231',2018,,305,7,,,0
22019,'1031242',1848,,306,7,,,0
22019,'1031254',1118,,307,7,,,0
22019,'1031263',948,,308,7,,,0
22019,'1031347',818,,309,7,,,0
22019,'1031350',1718,,310,7,,,0
22019,'1031371',1418,,311,7,,,0
22019,'1031380',1318,,312,7,,,0
22019,'1031420',1218,,313,7,,,0
22019,'1031434',1248,,314,7,,,0
22019,'1031438',1948,,315,7,,,0
22019,'1031492',1018,,316,7,,,0
22019,'1031495',2047,,317,7,,,0
22019,'1031502',1148,,318,7,,,0
22019,'1031527',1518,,319,7,,,0
22019,'1031542',1448,,320,7,,,0
22019,'1032755',1548,,321,7,,,0
22019,'1032756',1818,,322,7,,,0
22019,'1032773',1648,,323,7,,,0
22019,'1032797',1248,,324,7,,,0
22019,'1032815',1048,,325,7,,,0
22019,'1032835',1448,,326,7,,,0
22019,'1032845',918,,327,7,,,0
22019,'1032853',1218,,328,7,,,0
22019,'1032859',1118,,329,7,,,0
22019,'1032863',1748,,330,7,,,0
22019,'1032864',1618,,331,7,,,0
22019,'1032879',1018,,332,7,,,0
22019,'1032880',1318,,333,7,,,0
22019,'1032886',1148,,334,7,,,0
22019,'1032888',1348,,335,7,,,0
22019,'1032891',1718,,336,7,,,0
22019,'1032902',848,,337,7,,,0
22019,'1032903',948,,338,7,,,0
22019,'1032927',1418,,339,7,,,0
22019,'1032931',1518,,340,7,,,0
