22019,'1022997',717,,291,5,,,0
22019,'1023022',747,,292,5,,,0
22019,'1023024',817,,293,5,,,0
22019,'1023029',647,,294,5,,,0
22019,'1031072',1647,,295,5,,,0
22019,'1031092',1747,,296,5,,,0
22019,'1031115',847,,297,5,,,0
22019,'1031118',1547,,298,5,,,0
22019,'1031144',1617,,299,5,,,0
22019,'1031148',1817,,300,5,,,0
22019,'1031154',1917,,301,5,,,0
22019,'1031183',1047,,302,5,,,0
22019,'1031207',1347,,303,5,,,0
22019,'1031214',917,,304,5,,,0
22019,'1031231',2017,,305,5,,,0
22019,'1031242',1847,,306,5,,,0
22019,'1031254',1117,,307,5,,,0
22019,'1031263',947,,308,5,,,0
22019,'1031347',817,,309,5,,,0
22019,'1031350',1717,,310,5,,,0
22019,'1031371',1417,,311,5,,,0
22019,'1031380',1317,,312,5,,,0
22019,'1031420',1217,,313,5,,,0
22019,'1031434',1247,,314,5,,,0
22019,'1031438',1947,,315,5,,,0
22019,'1031492',1017,,316,5,,,0
22019,'1031495',2046,,317,5,,,0
22019,'1031502',1147,,318,5,,,0
22019,'1031527',1517,,319,5,,,0
22019,'1031542',1447,,320,5,,,0
22019,'1032755',1547,,321,5,,,0
22019,'1032756',1817,,322,5,,,0
22019,'1032773',1647,,323,5,,,0
22019,'1032797',1247,,324,5,,,0
22019,'1032815',1047,,325,5,,,0
22019,'1032835',1447,,326,5,,,0
22019,'1032845',917,,327,5,,,0
22019,'1032853',1217,,328,5,,,0
22019,'1032859',1117,,329,5,,,0
22019,'1032863',1747,,330,5,,,0
22019,'1032864',1617,,331,5,,,0
22019,'1032879',1017,,332,5,,,0
22019,'1032880',1317,,333,5,,,0
22019,'1032886',1147,,334,5,,,0
22019,'1032888',1347,,335,5,,,0
22019,'1032891',1717,,336,5,,,0
22019,'1032902',847,,337,5,,,0
22019,'1032903',947,,338,5,,,0
22019,'1032927',1417,,339,5,,,0
22019,'1032931',1517,,340,5,,,0
