11019,'1032754',1435,,81,19,,,0
11019,'1032757',907,,82,19,,,0
11019,'1032758',1337,,83,19,,,0
11019,'1032760',2237,,84,19,,,0
11019,'1032761',2107,,85,19,,,0
11019,'1032765',1807,,86,19,,,0
11019,'1032766',1535,,87,19,,,0
11019,'1032768',1537,,88,19,,,0
11019,'1032771',2037,,89,19,,,0
11019,'1032772',1407,,90,19,,,0
11019,'1032774',905,,91,19,,,0
11019,'1032775',1007,,92,19,,,0
11019,'1032776',1835,,93,19,,,0
11019,'1032777',1137,,94,19,,,0
11019,'1032779',1737,,95,19,,,0
11019,'1032780',1507,,96,19,,,0
11019,'1032781',1637,,97,19,,,0
11019,'1032784',1237,,98,19,,,0
11019,'1032785',1837,,99,19,,,0
11019,'1032787',1607,,100,19,,,0
11019,'1032795',1405,,101,19,,,0
11019,'1032796',1207,,102,19,,,0
11019,'1032798',1505,,103,19,,,0
11019,'1032801',1335,,104,19,,,0
11019,'1032803',1035,,105,19,,,0
11019,'1032804',1307,,106,19,,,0
11019,'1032807',1807,,107,19,,,0
11019,'1032809',2007,,108,19,,,0
11019,'1032810',1437,,109,19,,,0
11019,'1032814',1607,,110,19,,,0
11019,'1032816',2007,,111,19,,,0
11019,'1032817',1937,,112,19,,,0
11019,'1032820',907,,113,19,,,0
11019,'1032821',1237,,114,19,,,0
11019,'1032822',935,,115,19,,,0
11019,'1032823',1005,,116,19,,,0
11019,'1032824',1037,,117,19,,,0
11019,'1032826',1707,,118,19,,,0
11019,'1032827',1105,,119,19,,,0
11019,'1032828',807,,120,19,,,0
11019,'1032831',1337,,121,19,,,0
11019,'1032834',1037,,122,19,,,0
11019,'1032838',2107,,123,19,,,0
11019,'1032839',1805,,124,19,,,0
11019,'1032841',1937,,125,19,,,0
11019,'1032846',737,,126,19,,,0
11019,'1032848',1900,,127,19,,,0
11019,'1032850',1605,,128,19,,,0
11019,'1032857',1837,,129,19,,,0
11019,'1032858',2037,,130,19,,,0
11019,'1032860',1107,,131,19,,,0
11019,'1032862',1900,,132,19,,,0
11019,'1032865',837,,133,19,,,0
11019,'1032866',937,,134,19,,,0
11019,'1032867',1637,,135,19,,,0
11019,'1032871',1707,,136,19,,,0
11019,'1032872',1437,,137,19,,,0
11019,'1032875',1135,,138,19,,,0
11019,'1032876',1137,,139,19,,,0
11019,'1032881',1905,,140,19,,,0
11019,'1032882',937,,141,19,,,0
11019,'1032883',2137,,142,19,,,0
11019,'1032885',1735,,143,19,,,0
11019,'1032887',1737,,144,19,,,0
11019,'1032890',1635,,145,19,,,0
11019,'1032892',1007,,146,19,,,0
11019,'1032894',1305,,147,19,,,0
11019,'1032896',1107,,148,19,,,0
11019,'1032901',1205,,149,19,,,0
11019,'1032904',2207,,150,19,,,0
11019,'1032906',1307,,151,19,,,0
11019,'1032908',834,,152,19,,,0
11019,'1032909',837,,153,19,,,0
11019,'1032911',1407,,154,19,,,0
11019,'1032913',707,,155,19,,,0
11019,'1032917',1235,,156,19,,,0
11019,'1032919',1537,,157,19,,,0
11019,'1032926',1507,,158,19,,,0
11019,'1032928',1207,,159,19,,,0
11019,'1032930',1705,,160,19,,,0
