53019,'1024242',1921,,517,22,,,0
53019,'1024246',2051,,518,22,,,0
53019,'1024254',2121,,519,22,,,0
53019,'1024269',2021,,520,22,,,0
53019,'1024272',2151,,521,22,,,0
53019,'1024279',2221,,522,22,,,0
53019,'1024280',1851,,523,22,,,0
53019,'1024313',1951,,524,22,,,0
53019,'1034057',1921,,525,19,,,0
53019,'1034060',751,,526,23,,,0
53019,'1034061',921,,527,19,,,0
53019,'1034064',1121,,528,19,,,0
53019,'1034065',1421,,529,23,,,0
53019,'1034069',1521,,530,19,,,0
53019,'1034070',1551,,531,23,,,0
53019,'1034072',1851,,532,19,,,0
53019,'1034074',951,,533,23,,,0
53019,'1034077',1221,,534,19,,,0
53019,'1034079',1651,,535,23,,,0
53019,'1034082',1751,,536,23,,,0
53019,'1034083',1751,,537,19,,,0
53019,'1034085',1551,,538,19,,,0
53019,'1034087',851,,539,23,,,0
53019,'1034091',851,,540,19,,,0
53019,'1034092',1021,,541,19,,,0
53019,'1034094',1451,,542,19,,,0
53019,'1034095',821,,543,19,,,0
53019,'1034100',1421,,544,19,,,0
53019,'1034102',821,,545,23,,,0
53019,'1034104',1751,,546,19,,,0
53019,'1034105',1421,,547,19,,,0
53019,'1034106',1251,,548,23,,,0
53019,'1034107',1121,,549,19,,,0
53019,'1034108',921,,550,19,,,0
53019,'1034113',1721,,551,19,,,0
53019,'1034115',1151,,552,23,,,0
53019,'1034116',1951,,553,19,,,0
53019,'1034120',1721,,554,23,,,0
53019,'1034121',851,,555,19,,,0
53019,'1034122',721,,556,23,,,0
53019,'1034123',1821,,557,19,,,0
53019,'1034124',1621,,558,23,,,0
53019,'1034126',1651,,559,19,,,0
53019,'1034127',921,,560,23,,,0
53019,'1034128',1351,,561,23,,,0
53019,'1034135',1621,,562,19,,,0
53019,'1034136',1451,,563,19,,,0
53019,'1034139',1251,,564,19,,,0
53019,'1034140',1051,,565,19,,,0
53019,'1034144',821,,566,19,,,0
53019,'1034145',1721,,567,19,,,0
53019,'1034149',1221,,568,19,,,0
53019,'1034150',1151,,569,19,,,0
53019,'1034151',1051,,570,23,,,0
53019,'1034154',1621,,571,19,,,0
53019,'1034155',1321,,572,19,,,0
53019,'1034157',2051,,573,19,,,0
53019,'1034158',1051,,574,19,,,0
53019,'1034161',1021,,575,19,,,0
53019,'1034162',1151,,576,19,,,0
53019,'1034165',1521,,577,23,,,0
53019,'1034168',1221,,578,23,,,0
53019,'1034169',2021,,579,19,,,0
53019,'1034178',1321,,580,23,,,0
53019,'1034179',1551,,581,19,,,0
53019,'1034182',1821,,582,19,,,0
53019,'1034183',951,,583,19,,,0
53019,'1034185',1251,,584,19,,,0
53019,'1034187',951,,585,19,,,0
53019,'1034190',1351,,586,19,,,0
53019,'1034192',1821,,587,23,,,0
53019,'1034193',1351,,588,19,,,0
53019,'1034194',1121,,589,23,,,0
53019,'1034195',1921,,590,19,,,0
53019,'1034196',1021,,591,23,,,0
53019,'1034198',1851,,592,19,,,0
53019,'1034199',1521,,593,19,,,0
53019,'1034200',1321,,594,19,,,0
53019,'1034202',1651,,595,19,,,0
53019,'1034204',1451,,596,23,,,0
53019,'1034205',651,,597,23,,,0
