20019,'1026880',1256,,161,13,,,0
20019,'1026881',1526,,162,13,,,0
20019,'1026885',1756,,163,13,,,0
20019,'1026887',1056,,164,13,,,0
20019,'1026888',1456,,165,13,,,0
20019,'1026889',856,,166,13,,,0
20019,'1026891',1626,,167,13,,,0
20019,'1026892',726,,168,13,,,0
20019,'1026899',1156,,169,13,,,0
20019,'1026900',1556,,170,13,,,0
20019,'1026901',1826,,171,13,,,0
20019,'1026903',926,,172,13,,,0
20019,'1026905',1126,,173,13,,,0
20019,'1026906',1226,,174,13,,,0
20019,'1026907',956,,175,13,,,0
20019,'1026909',1726,,176,13,,,0
20019,'1026911',656,,177,13,,,0
20019,'1026912',1656,,178,13,,,0
20019,'1026914',1356,,179,13,,,0
20019,'1026915',756,,180,13,,,0
20019,'1026918',826,,181,13,,,0
20019,'1026919',1426,,182,13,,,0
20019,'1026921',1326,,183,13,,,0
20019,'1026922',1026,,184,13,,,0
20019,'1031076',1156,,185,13,,,0
20019,'1031114',856,,186,13,,,0
20019,'1031117',1656,,187,13,,,0
20019,'1031123',1456,,188,13,,,0
20019,'1031134',1626,,189,13,,,0
20019,'1031180',1426,,190,13,,,0
20019,'1031230',956,,191,13,,,0
20019,'1031240',1756,,192,13,,,0
20019,'1031246',1256,,193,13,,,0
20019,'1031248',1956,,194,13,,,0
20019,'1031270',1226,,195,13,,,0
20019,'1031271',1726,,196,13,,,0
20019,'1031273',1356,,197,13,,,0
20019,'1031309',1126,,198,13,,,0
20019,'1031316',2026,,199,13,,,0
20019,'1031367',926,,200,13,,,0
20019,'1031377',1826,,201,13,,,0
20019,'1031397',1926,,202,13,,,0
20019,'1031410',2056,,203,13,,,0
20019,'1031412',1526,,204,13,,,0
20019,'1031441',1856,,205,13,,,0
20019,'1031442',1326,,206,13,,,0
20019,'1031468',826,,207,13,,,0
20019,'1031488',1556,,208,13,,,0
20019,'1031519',1026,,209,13,,,0
20019,'1031541',1056,,210,13,,,0
