10019,'1034055',1701,,1,19,,,0
10019,'1034056',1901,,2,19,,,0
10019,'1034058',1801,,3,19,,,0
10019,'1034059',731,,4,19,,,0
10019,'1034062',1531,,5,19,,,0
10019,'1034063',1401,,6,19,,,0
10019,'1034066',1231,,7,19,,,0
10019,'1034067',2101,,8,19,,,0
10019,'1034068',2001,,9,19,,,0
10019,'1034071',1301,,10,19,,,0
10019,'1034073',1831,,11,19,,,0
10019,'1034075',2201,,12,19,,,0
10019,'1034076',931,,13,19,,,0
10019,'1034078',1601,,14,19,,,0
10019,'1034080',1001,,15,19,,,0
10019,'1034081',2131,,16,19,,,0
10019,'1034084',1901,,17,19,,,0
10019,'1034086',1901,,18,19,,,0
10019,'1034088',1801,,19,19,,,0
10019,'1034089',1031,,20,19,,,0
10019,'1034090',1531,,21,19,,,0
10019,'1034093',2031,,22,19,,,0
10019,'1034096',1801,,23,19,,,0
10019,'1034097',1001,,24,19,,,0
10019,'1034098',1731,,25,19,,,0
10019,'1034099',901,,26,19,,,0
10019,'1034101',1431,,27,19,,,0
10019,'1034103',1301,,28,19,,,0
10019,'1034109',2231,,29,19,,,0
10019,'1034110',1031,,30,19,,,0
10019,'1034111',1731,,31,19,,,0
10019,'1034112',1831,,32,19,,,0
10019,'1034114',1501,,33,19,,,0
10019,'1034117',1201,,34,19,,,0
10019,'1034118',1431,,35,19,,,0
10019,'1034119',1531,,36,19,,,0
10019,'1034125',1131,,37,19,,,0
10019,'1034129',901,,38,19,,,0
10019,'1034130',1031,,39,19,,,0
10019,'1034131',1331,,40,19,,,0
10019,'1034132',1431,,41,19,,,0
10019,'1034133',1201,,42,19,,,0
10019,'1034134',1701,,43,19,,,0
10019,'1034137',1631,,44,19,,,0
10019,'1034138',1101,,45,19,,,0
10019,'1034141',1231,,46,19,,,0
10019,'1034142',1231,,47,19,,,0
10019,'1034143',931,,48,19,,,0
10019,'1034146',1401,,49,19,,,0
10019,'1034147',1501,,50,19,,,0
10019,'1034148',1131,,51,19,,,0
10019,'1034152',2001,,52,19,,,0
10019,'1034153',1931,,53,19,,,0
10019,'1034156',834,,54,19,,,0
10019,'1034159',1631,,55,19,,,0
10019,'1034160',834,,56,19,,,0
10019,'1034163',1601,,57,19,,,0
10019,'1034164',1731,,58,19,,,0
10019,'1034166',1831,,59,19,,,0
10019,'1034167',1631,,60,19,,,0
10019,'1034170',1331,,61,19,,,0
10019,'1034171',801,,62,19,,,0
10019,'1034172',1701,,63,19,,,0
10019,'1034173',931,,64,19,,,0
10019,'1034174',1601,,65,19,,,0
10019,'1034175',1331,,66,19,,,0
10019,'1034176',831,,67,19,,,0
10019,'1034177',1201,,68,19,,,0
10019,'1034180',2101,,69,19,,,0
10019,'1034181',1301,,70,19,,,0
10019,'1034184',1001,,71,19,,,0
10019,'1034186',2031,,72,19,,,0
10019,'1034188',1131,,73,19,,,0
10019,'1034189',1401,,74,19,,,0
10019,'1034191',1501,,75,19,,,0
10019,'1034197',1101,,76,19,,,0
10019,'1034201',1101,,77,19,,,0
10019,'1034203',706,,78,19,,,0
10019,'1034206',901,,79,19,,,0
10019,'1034207',1931,,80,19,,,0
