20019,'1026880',1251,2,161,5,,,0
20019,'1026881',1521,2,162,5,,,0
20019,'1026885',1751,2,163,5,,,0
20019,'1026887',1051,2,164,5,,,0
20019,'1026888',1451,2,165,5,,,0
20019,'1026889',851,2,166,5,,,0
20019,'1026891',1621,2,167,5,,,0
20019,'1026892',721,2,168,5,,,0
20019,'1026899',1151,2,169,5,,,0
20019,'1026900',1551,2,170,5,,,0
20019,'1026901',1821,2,171,5,,,0
20019,'1026903',921,2,172,5,,,0
20019,'1026905',1121,2,173,5,,,0
20019,'1026906',1221,2,174,5,,,0
20019,'1026907',951,2,175,5,,,0
20019,'1026909',1721,2,176,5,,,0
20019,'1026911',651,2,177,5,,,0
20019,'1026912',1651,2,178,5,,,0
20019,'1026914',1351,2,179,5,,,0
20019,'1026915',751,2,180,5,,,0
20019,'1026918',821,2,181,5,,,0
20019,'1026919',1421,2,182,5,,,0
20019,'1026921',1321,2,183,5,,,0
20019,'1026922',1021,2,184,5,,,0
20019,'1031076',1151,2,185,5,,,0
20019,'1031114',851,2,186,5,,,0
20019,'1031117',1651,2,187,5,,,0
20019,'1031123',1451,2,188,5,,,0
20019,'1031134',1621,2,189,5,,,0
20019,'1031180',1421,2,190,5,,,0
20019,'1031230',951,2,191,5,,,0
20019,'1031240',1751,2,192,5,,,0
20019,'1031246',1251,2,193,5,,,0
20019,'1031248',1951,2,194,5,,,0
20019,'1031270',1221,2,195,5,,,0
20019,'1031271',1721,2,196,5,,,0
20019,'1031273',1351,2,197,5,,,0
20019,'1031309',1121,2,198,5,,,0
20019,'1031316',2021,2,199,5,,,0
20019,'1031367',921,2,200,5,,,0
20019,'1031377',1821,2,201,5,,,0
20019,'1031397',1921,2,202,5,,,0
20019,'1031410',2051,2,203,5,,,0
20019,'1031412',1521,2,204,5,,,0
20019,'1031441',1851,2,205,5,,,0
20019,'1031442',1321,2,206,5,,,0
20019,'1031468',821,2,207,5,,,0
20019,'1031488',1551,2,208,5,,,0
20019,'1031519',1021,2,209,5,,,0
20019,'1031541',1051,2,210,5,,,0
