30019,'1022006',1849,,341,6,,,0
30019,'1022019',1949,,342,6,,,0
30019,'1022024',1919,,343,6,,,0
30019,'1022033',2049,,344,6,,,0
30019,'1022037',2149,,345,6,,,0
30019,'1022062',2219,,346,6,,,0
30019,'1022075',2019,,347,6,,,0
30019,'1022083',2119,,348,6,,,0
30019,'1031077',949,,349,6,,,0
30019,'1031082',1419,,352,6,,,0
30019,'1031084',2019,,353,6,,,0
30019,'1031097',1349,,356,6,,,0
30019,'1031098',1049,,357,6,,,0
30019,'1031109',919,,358,6,,,0
30019,'1031136',1319,,360,6,,,0
30019,'1031151',1219,,361,6,,,0
30019,'1031178',1949,,362,6,,,0
30019,'1031191',2049,,363,6,,,0
30019,'1031234',1849,,365,6,,,0
30019,'1031251',1119,,367,6,,,0
30019,'1031253',849,,368,6,,,0
30019,'1031265',1449,,369,6,,,0
30019,'1031290',1719,,372,6,,,0
30019,'1031297',1819,,374,6,,,0
30019,'1031307',1519,,377,6,,,0
30019,'1031326',1619,,380,6,,,0
30019,'1031338',1549,,381,6,,,0
30019,'1031352',1019,,383,6,,,0
30019,'1031361',819,,384,6,,,0
30019,'1031450',1649,,386,6,,,0
30019,'1031479',1749,,391,6,,,0
30019,'1031507',1149,,394,6,,,0
30019,'1031512',1249,,395,6,,,0
30019,'1031524',1919,,398,6,,,0
30019,'1031758',1119,,401,6,,,0
30019,'1031759',1249,,402,6,,,0
30019,'1031762',849,,405,6,,,0
30019,'1031763',1649,,406,6,,,0
30019,'1031765',949,,408,6,,,0
30019,'1031768',1819,,411,6,,,0
30019,'1031771',919,,414,6,,,0
30019,'1031773',1349,,416,6,,,0
30019,'1031775',1549,,418,6,,,0
30019,'1031776',1849,,419,6,,,0
30019,'1031777',1619,,420,6,,,0
30019,'1031778',819,,421,6,,,0
30019,'1031779',1319,,422,6,,,0
30019,'1031780',1719,,423,6,,,0
30019,'1031781',1519,,424,6,,,0
30019,'1031782',1419,,425,6,,,0
30019,'1031783',1749,,426,6,,,0
30019,'1031786',1149,,429,6,,,0
30019,'1031790',1019,,433,6,,,0
30019,'1031794',1449,,437,6,,,0
30019,'1031795',1049,,438,6,,,0
30019,'1031796',1219,,439,6,,,0
31029,'1023499',1417,,469,6,0,5 6,0
31029,'1023506',1517,,470,6,0,5 6,0
31029,'1023507',1217,,471,6,0,5 6,0
31029,'1023508',947,,472,6,0,5 6,0
31029,'1023509',747,,473,6,0,5 6,0
31029,'1023511',1447,,474,6,0,5 6,0
31029,'1023513',647,,475,6,0,5 6,0
31029,'1023518',1617,,476,6,0,5 6,0
31029,'1023526',1247,,477,6,0,5 6,0
31029,'1023527',1747,,478,6,0,5 6,0
31029,'1023529',1017,,479,6,0,5 6,0
31029,'1023539',917,,480,6,0,5 6,0
31029,'1023541',847,,481,6,0,5 6,0
31029,'1023542',1317,,482,6,0,5 6,0
31029,'1023546',1117,,483,6,0,5 6,0
31029,'1023552',1717,,484,6,0,5 6,0
31029,'1023556',1817,,485,6,0,5 6,0
31029,'1023557',1547,,486,6,0,5 6,0
31029,'1023564',1147,,487,6,0,5 6,0
31029,'1023565',1047,,488,6,0,5 6,0
31029,'1023567',817,,489,6,0,5 6,0
31029,'1023576',1647,,490,6,0,5 6,0
31029,'1023582',717,,491,6,0,5 6,0
31029,'1023584',1347,,492,6,0,5 6,0
46019,'1024244',1320,,493,6,,,0
46019,'1024245',820,,494,6,,,0
46019,'1024250',1150,,495,6,,,0
46019,'1024253',1550,,496,6,,,0
46019,'1024263',720,,497,6,,,0
46019,'1024264',1220,,498,6,,,0
46019,'1024266',750,,499,6,,,0
46019,'1024267',1420,,500,6,,,0
46019,'1024268',1620,,501,6,,,0
46019,'1024271',1450,,502,6,,,0
46019,'1024278',1650,,503,6,,,0
46019,'1024282',1120,,504,6,,,0
46019,'1024288',920,,505,6,,,0
46019,'1024289',1720,,506,6,,,0
46019,'1024295',950,,507,6,,,0
46019,'1024296',1750,,508,6,,,0
46019,'1024297',1820,,509,6,,,0
46019,'1024300',1250,,510,6,,,0
46019,'1024301',850,,511,6,,,0
46019,'1024303',1520,,512,6,,,0
46019,'1024304',1050,,513,6,,,0
46019,'1024309',1350,,514,6,,,0
46019,'1024310',650,,515,6,,,0
46019,'1024312',1020,,516,6,,,0
