22019,'1022997',721,2,291,9,,,0
22019,'1023022',751,2,292,9,,,0
22019,'1023024',821,2,293,9,,,0
22019,'1023029',651,2,294,9,,,0
22019,'1031072',1651,2,295,9,,,0
22019,'1031092',1751,2,296,9,,,0
22019,'1031115',851,2,297,9,,,0
22019,'1031118',1551,2,298,9,,,0
22019,'1031144',1621,2,299,9,,,0
22019,'1031148',1821,2,300,9,,,0
22019,'1031154',1921,2,301,9,,,0
22019,'1031183',1051,2,302,9,,,0
22019,'1031207',1351,2,303,9,,,0
22019,'1031214',921,2,304,9,,,0
22019,'1031231',2021,2,305,9,,,0
22019,'1031242',1851,2,306,9,,,0
22019,'1031254',1121,2,307,9,,,0
22019,'1031263',951,2,308,9,,,0
22019,'1031347',821,2,309,9,,,0
22019,'1031350',1721,2,310,9,,,0
22019,'1031371',1421,2,311,9,,,0
22019,'1031380',1321,2,312,9,,,0
22019,'1031420',1221,2,313,9,,,0
22019,'1031434',1251,2,314,9,,,0
22019,'1031438',1951,2,315,9,,,0
22019,'1031492',1021,2,316,9,,,0
22019,'1031495',2051,3,317,9,,,0
22019,'1031502',1151,2,318,9,,,0
22019,'1031527',1521,2,319,9,,,0
22019,'1031542',1451,2,320,9,,,0
22019,'1032755',1551,2,321,9,,,0
22019,'1032756',1821,2,322,9,,,0
22019,'1032773',1651,2,323,9,,,0
22019,'1032797',1251,2,324,9,,,0
22019,'1032815',1051,2,325,9,,,0
22019,'1032835',1451,2,326,9,,,0
22019,'1032845',921,2,327,9,,,0
22019,'1032853',1221,2,328,9,,,0
22019,'1032859',1121,2,329,9,,,0
22019,'1032863',1751,2,330,9,,,0
22019,'1032864',1621,2,331,9,,,0
22019,'1032879',1021,2,332,9,,,0
22019,'1032880',1321,2,333,9,,,0
22019,'1032886',1151,2,334,9,,,0
22019,'1032888',1351,2,335,9,,,0
22019,'1032891',1721,2,336,9,,,0
22019,'1032902',851,2,337,9,,,0
22019,'1032903',951,2,338,9,,,0
22019,'1032927',1421,2,339,9,,,0
22019,'1032931',1521,2,340,9,,,0
