21019,'1021456',1048,,211,8,,,0
21019,'1021471',1648,,212,8,,,0
21019,'1021474',1818,,213,8,,,0
21019,'1021550',1018,,214,8,,,0
21019,'1021570',918,,215,8,,,0
21019,'1021573',1448,,216,8,,,0
21019,'1021593',1348,,217,8,,,0
21019,'1021602',1118,,218,8,,,0
21019,'1021624',948,,219,8,,,0
21019,'1021627',748,,220,8,,,0
21019,'1021655',818,,221,8,,,0
21019,'1021727',1548,,222,8,,,0
21019,'1021738',1218,,223,8,,,0
21019,'1021744',848,,224,8,,,0
21019,'1021749',718,,225,8,,,0
21019,'1021766',1618,,226,8,,,0
21019,'1021767',1748,,227,8,,,0
21019,'1021782',1318,,228,8,,,0
21019,'1021819',1248,,229,8,,,0
21019,'1021826',1518,,230,8,,,0
21019,'1021829',1418,,231,8,,,0
21019,'1021844',648,,232,8,,,0
21019,'1021899',1148,,233,8,,,0
21019,'1021900',1718,,234,8,,,0
21019,'1026826',2118,,235,8,,,0
21019,'1026827',1918,,236,8,,,0
21019,'1026835',2148,,237,8,,,0
21019,'1026837',1848,,238,8,,,0
21019,'1026853',2018,,239,8,,,0
21019,'1026855',1948,,240,8,,,0
21019,'1026862',2218,,241,8,,,0
21019,'1026866',2048,,242,8,,,0
21019,'1031071',1818,,243,8,,,0
21019,'1031083',1448,,244,8,,,0
21019,'1031101',1818,,245,8,,,0
21019,'1031108',1648,,246,8,,,0
21019,'1031131',1718,,247,8,,,0
21019,'1031137',1848,,248,8,,,0
21019,'1031145',848,,249,8,,,0
21019,'1031147',1518,,250,8,,,0
21019,'1031161',948,,251,8,,,0
21019,'1031163',1918,,252,8,,,0
21019,'1031195',1618,,253,8,,,0
21019,'1031197',1248,,254,8,,,0
21019,'1031215',918,,255,8,,,0
21019,'1031216',848,,256,8,,,0
21019,'1031218',1518,,257,8,,,0
21019,'1031220',1948,,258,8,,,0
21019,'1031241',1218,,259,8,,,0
21019,'1031247',1648,,260,8,,,0
21019,'1031256',1348,,261,8,,,0
21019,'1031262',2018,,262,8,,,0
21019,'1031266',1848,,263,8,,,0
21019,'1031268',1248,,264,8,,,0
21019,'1031279',1148,,265,8,,,0
21019,'1031281',1018,,266,8,,,0
21019,'1031285',1048,,267,8,,,0
21019,'1031298',1748,,268,8,,,0
21019,'1031311',1718,,269,8,,,0
21019,'1031314',948,,270,8,,,0
21019,'1031315',1548,,271,8,,,0
21019,'1031328',1118,,272,8,,,0
21019,'1031332',818,,273,8,,,0
21019,'1031341',2048,,274,8,,,0
21019,'1031345',1318,,275,8,,,0
21019,'1031349',1448,,276,8,,,0
21019,'1031358',1548,,277,8,,,0
21019,'1031372',1148,,278,8,,,0
21019,'1031382',1418,,279,8,,,0
21019,'1031418',1118,,280,8,,,0
21019,'1031425',1618,,281,8,,,0
21019,'1031432',1318,,282,8,,,0
21019,'1031446',1418,,283,8,,,0
21019,'1031447',1348,,284,8,,,0
21019,'1031451',1018,,285,8,,,0
21019,'1031456',918,,286,8,,,0
21019,'1031460',818,,287,8,,,0
21019,'1031465',1048,,288,8,,,0
21019,'1031508',1748,,289,8,,,0
21019,'1031525',1218,,290,8,,,0
