21019,'1021456',1101,,211,21,,,0
21019,'1021471',1701,,212,21,,,0
21019,'1021474',1831,,213,21,,,0
21019,'1021550',1031,,214,21,,,0
21019,'1021570',931,,215,21,,,0
21019,'1021573',1501,,216,21,,,0
21019,'1021593',1401,,217,21,,,0
21019,'1021602',1131,,218,21,,,0
21019,'1021624',1001,,219,21,,,0
21019,'1021627',801,,220,21,,,0
21019,'1021655',831,,221,21,,,0
21019,'1021727',1601,,222,21,,,0
21019,'1021738',1231,,223,21,,,0
21019,'1021744',901,,224,21,,,0
21019,'1021749',731,,225,21,,,0
21019,'1021766',1631,,226,21,,,0
21019,'1021767',1801,,227,21,,,0
21019,'1021782',1331,,228,21,,,0
21019,'1021819',1301,,229,21,,,0
21019,'1021826',1531,,230,21,,,0
21019,'1021829',1431,,231,21,,,0
21019,'1021844',701,,232,21,,,0
21019,'1021899',1201,,233,21,,,0
21019,'1021900',1731,,234,21,,,0
21019,'1026826',2133,,235,21,,,0
21019,'1026827',1933,,236,21,,,0
21019,'1026835',2203,,237,21,,,0
21019,'1026837',1903,,238,21,,,0
21019,'1026853',2033,,239,21,,,0
21019,'1026855',2003,,240,21,,,0
21019,'1026862',2233,,241,21,,,0
21019,'1026866',2103,,242,21,,,0
21019,'1031071',1831,,243,21,,,0
21019,'1031083',1501,,244,21,,,0
21019,'1031101',1833,,245,21,,,0
21019,'1031108',1703,,246,21,,,0
21019,'1031131',1733,,247,21,,,0
21019,'1031137',1901,,248,21,,,0
21019,'1031145',901,,249,21,,,0
21019,'1031147',1533,,250,21,,,0
21019,'1031161',1001,,251,21,,,0
21019,'1031163',1931,,252,21,,,0
21019,'1031195',1631,,253,21,,,0
21019,'1031197',1301,,254,21,,,0
21019,'1031215',933,,255,21,,,0
21019,'1031216',903,,256,21,,,0
21019,'1031218',1531,,257,21,,,0
21019,'1031220',2001,,258,21,,,0
21019,'1031241',1233,,259,21,,,0
21019,'1031247',1701,,260,21,,,0
21019,'1031256',1403,,261,21,,,0
21019,'1031262',2031,,262,21,,,0
21019,'1031266',1903,,263,21,,,0
21019,'1031268',1303,,264,21,,,0
21019,'1031279',1201,,265,21,,,0
21019,'1031281',1033,,266,21,,,0
21019,'1031285',1103,,267,21,,,0
21019,'1031298',1803,,268,21,,,0
21019,'1031311',1731,,269,21,,,0
21019,'1031314',1003,,270,21,,,0
21019,'1031315',1603,,271,21,,,0
21019,'1031328',1133,,272,21,,,0
21019,'1031332',833,,273,21,,,0
21019,'1031341',2101,,274,21,,,0
21019,'1031345',1333,,275,21,,,0
21019,'1031349',1503,,276,21,,,0
21019,'1031358',1601,,277,21,,,0
21019,'1031372',1203,,278,21,,,0
21019,'1031382',1431,,279,21,,,0
21019,'1031418',1131,,280,21,,,0
21019,'1031425',1633,,281,21,,,0
21019,'1031432',1331,,282,21,,,0
21019,'1031446',1433,,283,21,,,0
21019,'1031447',1401,,284,21,,,0
21019,'1031451',1031,,285,21,,,0
21019,'1031456',931,,286,21,,,0
21019,'1031460',831,,287,21,,,0
21019,'1031465',1101,,288,21,,,0
21019,'1031508',1801,,289,21,,,0
21019,'1031525',1231,,290,21,,,0
