10019,'1034055',1646,,1,3,,,0
10019,'1034056',1846,,2,3,,,0
10019,'1034058',1746,,3,3,,,0
10019,'1034059',716,,4,3,,,0
10019,'1034062',1516,,5,3,,,0
10019,'1034063',1346,,6,3,,,0
10019,'1034066',1216,,7,3,,,0
10019,'1034067',2046,,8,3,,,0
10019,'1034068',1946,,9,3,,,0
10019,'1034071',1246,,10,3,,,0
10019,'1034073',1816,,11,3,,,0
10019,'1034075',2146,,12,3,,,0
10019,'1034076',916,,13,3,,,0
10019,'1034078',1546,,14,3,,,0
10019,'1034080',946,,15,3,,,0
10019,'1034081',2116,,16,3,,,0
10019,'1034084',1846,,17,3,,,0
10019,'1034086',1846,,18,3,,,0
10019,'1034088',1746,,19,3,,,0
10019,'1034089',1016,,20,3,,,0
10019,'1034090',1516,,21,3,,,0
10019,'1034093',2016,,22,3,,,0
10019,'1034096',1746,,23,3,,,0
10019,'1034097',946,,24,3,,,0
10019,'1034098',1716,,25,3,,,0
10019,'1034099',846,,26,3,,,0
10019,'1034101',1416,,27,3,,,0
10019,'1034103',1246,,28,3,,,0
10019,'1034109',2216,,29,3,,,0
10019,'1034110',1016,,30,3,,,0
10019,'1034111',1716,,31,3,,,0
10019,'1034112',1816,,32,3,,,0
10019,'1034114',1446,,33,3,,,0
10019,'1034117',1146,,34,3,,,0
10019,'1034118',1416,,35,3,,,0
10019,'1034119',1516,,36,3,,,0
10019,'1034125',1116,,37,3,,,0
10019,'1034129',846,,38,3,,,0
10019,'1034130',1016,,39,3,,,0
10019,'1034131',1316,,40,3,,,0
10019,'1034132',1416,,41,3,,,0
10019,'1034133',1146,,42,3,,,0
10019,'1034134',1646,,43,3,,,0
10019,'1034137',1616,,44,3,,,0
10019,'1034138',1046,,45,3,,,0
10019,'1034141',1216,,46,3,,,0
10019,'1034142',1216,,47,3,,,0
10019,'1034143',916,,48,3,,,0
10019,'1034146',1346,,49,3,,,0
10019,'1034147',1446,,50,3,,,0
10019,'1034148',1116,,51,3,,,0
10019,'1034152',1946,,52,3,,,0
10019,'1034153',1916,,53,3,,,0
10019,'1034156',816,,54,3,,,0
10019,'1034159',1616,,55,3,,,0
10019,'1034160',816,,56,3,,,0
10019,'1034163',1546,,57,3,,,0
10019,'1034164',1716,,58,3,,,0
10019,'1034166',1816,,59,3,,,0
10019,'1034167',1616,,60,3,,,0
10019,'1034170',1316,,61,3,,,0
10019,'1034171',746,,62,3,,,0
10019,'1034172',1646,,63,3,,,0
10019,'1034173',916,,64,3,,,0
10019,'1034174',1546,,65,3,,,0
10019,'1034175',1316,,66,3,,,0
10019,'1034176',816,,67,3,,,0
10019,'1034177',1146,,68,3,,,0
10019,'1034180',2046,,69,3,,,0
10019,'1034181',1246,,70,3,,,0
10019,'1034184',946,,71,3,,,0
10019,'1034186',2016,,72,3,,,0
10019,'1034188',1116,,73,3,,,0
10019,'1034189',1346,,74,3,,,0
10019,'1034191',1446,,75,3,,,0
10019,'1034197',1046,,76,3,,,0
10019,'1034201',1046,,77,3,,,0
10019,'1034203',646,,78,3,,,0
10019,'1034206',846,,79,3,,,0
10019,'1034207',1916,,80,3,,,0
