61019,'1023602',2217,,671,22,,,0
61019,'1023604',1047,,672,16,,,0
61019,'1023607',1147,,673,16,,,0
61019,'1023608',1517,,674,16,,,0
61019,'1023609',1547,,675,16,,,0
61019,'1023612',748,,676,16,,,0
61019,'1023613',1347,,677,16,,,0
61019,'1023615',2047,,678,22,,,0
61019,'1023616',1617,,679,16,,,0
61019,'1023617',717,,680,16,,,0
61019,'1023618',1817,,681,16,,,0
61019,'1023622',2147,,682,22,,,0
61019,'1023625',1317,,683,16,,,0
61019,'1023627',1847,,684,22,,,0
61019,'1023628',1917,,685,22,,,0
61019,'1023629',947,,686,16,,,0
61019,'1023630',1447,,687,16,,,0
61019,'1023631',648,,688,16,,,0
61019,'1023633',1417,,689,16,,,0
61019,'1023634',1647,,690,16,,,0
61019,'1023637',847,,691,16,,,0
61019,'1023640',2017,,692,22,,,0
61019,'1023642',917,,693,16,,,0
61019,'1023643',1717,,694,16,,,0
61019,'1023646',1748,,695,16,,,0
61019,'1023647',1247,,696,16,,,0
61019,'1023649',1947,,697,22,,,0
61019,'1023650',1118,,698,16,,,0
61019,'1023651',1017,,699,16,,,0
61019,'1023653',817,,700,16,,,0
61019,'1023654',2117,,701,22,,,0
61019,'1023655',1217,,702,16,,,0
61019,'1031073',1147,,703,16,,,0
61019,'1031088',1017,,704,16,,,0
61019,'1031106',1547,,705,16,,,0
61019,'1031112',1547,,706,16,,,0
61019,'1031128',947,,707,16,,,0
61019,'1031140',1017,,708,16,,,0
61019,'1031141',1147,,709,16,,,0
61019,'1031143',1347,,710,16,,,0
61019,'1031150',1817,,711,16,,,0
61019,'1031153',1947,,712,16,,,0
61019,'1031155',1347,,713,16,,,0
61019,'1031162',1617,,714,16,,,0
61019,'1031165',1847,,715,16,,,0
61019,'1031173',1317,,716,16,,,0
61019,'1031179',1117,,717,16,,,0
61019,'1031199',1247,,718,16,,,0
61019,'1031206',1317,,719,16,,,0
61019,'1031222',1747,,720,16,,,0
61019,'1031225',917,,721,16,,,0
61019,'1031226',2017,,722,16,,,0
61019,'1031228',1847,,723,16,,,0
61019,'1031252',847,,724,16,,,0
61019,'1031258',847,,725,16,,,0
61019,'1031260',817,,726,16,,,0
61019,'1031277',1717,,727,16,,,0
61019,'1031293',1517,,728,16,,,0
61019,'1031304',1417,,729,16,,,0
61019,'1031313',1117,,730,16,,,0
61019,'1031330',1447,,731,16,,,0
61019,'1031331',2047,,732,16,,,0
61019,'1031335',817,,733,16,,,0
61019,'1031357',1417,,734,16,,,0
61019,'1031359',1817,,735,16,,,0
61019,'1031360',1917,,736,16,,,0
61019,'1031362',1047,,737,16,,,0
61019,'1031375',1517,,738,16,,,0
61019,'1031384',1647,,739,16,,,0
61019,'1031388',1217,,740,16,,,0
61019,'1031391',1917,,741,16,,,0
61019,'1031407',1747,,742,16,,,0
61019,'1031411',1217,,743,16,,,0
61019,'1031414',917,,744,16,,,0
61019,'1031435',1617,,745,16,,,0
61019,'1031457',1647,,746,16,,,0
61019,'1031462',1247,,747,16,,,0
61019,'1031483',947,,748,16,,,0
61019,'1031501',1447,,749,16,,,0
61019,'1031516',1047,,750,16,,,0
61019,'1031526',1717,,751,16,,,0
