21019,'1021456',1100,42,211,16,,,0
21019,'1021471',1700,42,212,16,,,0
21019,'1021474',1830,2,213,16,,,0
21019,'1021550',1030,2,214,16,,,0
21019,'1021570',930,2,215,16,,,0
21019,'1021573',1500,42,216,16,,,0
21019,'1021593',1400,42,217,16,,,0
21019,'1021602',1130,2,218,16,,,0
21019,'1021624',1000,42,219,16,,,0
21019,'1021627',800,42,220,16,,,0
21019,'1021655',830,2,221,16,,,0
21019,'1021727',1600,42,222,16,,,0
21019,'1021738',1230,2,223,16,,,0
21019,'1021744',900,42,224,16,,,0
21019,'1021749',730,2,225,16,,,0
21019,'1021766',1630,2,226,16,,,0
21019,'1021767',1800,42,227,16,,,0
21019,'1021782',1330,2,228,16,,,0
21019,'1021819',1300,42,229,16,,,0
21019,'1021826',1530,2,230,16,,,0
21019,'1021829',1430,2,231,16,,,0
21019,'1021844',700,42,232,16,,,0
21019,'1021899',1200,42,233,16,,,0
21019,'1021900',1730,2,234,16,,,0
21019,'1026826',2130,2,235,16,,,0
21019,'1026827',1930,2,236,16,,,0
21019,'1026835',2200,42,237,16,,,0
21019,'1026837',1900,42,238,16,,,0
21019,'1026853',2030,2,239,16,,,0
21019,'1026855',2000,42,240,16,,,0
21019,'1026862',2230,2,241,16,,,0
21019,'1026866',2100,42,242,16,,,0
21019,'1031071',1830,2,243,16,,,0
21019,'1031083',1500,42,244,16,,,0
21019,'1031101',1830,2,245,16,,,0
21019,'1031108',1700,42,246,16,,,0
21019,'1031131',1730,2,247,16,,,0
21019,'1031137',1900,42,248,16,,,0
21019,'1031145',900,42,249,16,,,0
21019,'1031147',1530,2,250,16,,,0
21019,'1031161',1000,42,251,16,,,0
21019,'1031163',1930,2,252,16,,,0
21019,'1031195',1630,2,253,16,,,0
21019,'1031197',1300,42,254,16,,,0
21019,'1031215',930,2,255,16,,,0
21019,'1031216',900,42,256,16,,,0
21019,'1031218',1530,2,257,16,,,0
21019,'1031220',2000,42,258,16,,,0
21019,'1031241',1230,2,259,16,,,0
21019,'1031247',1700,42,260,16,,,0
21019,'1031256',1400,42,261,16,,,0
21019,'1031262',2030,2,262,16,,,0
21019,'1031266',1900,42,263,16,,,0
21019,'1031268',1300,42,264,16,,,0
21019,'1031279',1200,42,265,16,,,0
21019,'1031281',1030,2,266,16,,,0
21019,'1031285',1100,42,267,16,,,0
21019,'1031298',1800,42,268,16,,,0
21019,'1031311',1730,2,269,16,,,0
21019,'1031314',1000,42,270,16,,,0
21019,'1031315',1600,42,271,16,,,0
21019,'1031328',1130,2,272,16,,,0
21019,'1031332',830,2,273,16,,,0
21019,'1031341',2100,42,274,16,,,0
21019,'1031345',1330,2,275,16,,,0
21019,'1031349',1500,42,276,16,,,0
21019,'1031358',1600,42,277,16,,,0
21019,'1031372',1200,42,278,16,,,0
21019,'1031382',1430,2,279,16,,,0
21019,'1031418',1130,2,280,16,,,0
21019,'1031425',1630,2,281,16,,,0
21019,'1031432',1330,2,282,16,,,0
21019,'1031446',1430,2,283,16,,,0
21019,'1031447',1400,42,284,16,,,0
21019,'1031451',1030,2,285,16,,,0
21019,'1031456',930,2,286,16,,,0
21019,'1031460',830,2,287,16,,,0
21019,'1031465',1100,42,288,16,,,0
21019,'1031508',1800,42,289,16,,,0
21019,'1031525',1230,2,290,16,,,0
