20019,'1026880',1307,,161,23,,,0
20019,'1026881',1537,,162,23,,,0
20019,'1026885',1807,,163,23,,,0
20019,'1026887',1107,,164,23,,,0
20019,'1026888',1507,,165,23,,,0
20019,'1026889',908,,166,23,,,0
20019,'1026891',1637,,167,23,,,0
20019,'1026892',737,,168,23,,,0
20019,'1026899',1207,,169,23,,,0
20019,'1026900',1607,,170,23,,,0
20019,'1026901',1837,,171,23,,,0
20019,'1026903',938,,172,23,,,0
20019,'1026905',1137,,173,23,,,0
20019,'1026906',1237,,174,23,,,0
20019,'1026907',1008,,175,23,,,0
20019,'1026909',1737,,176,23,,,0
20019,'1026911',708,,177,23,,,0
20019,'1026912',1707,,178,23,,,0
20019,'1026914',1407,,179,23,,,0
20019,'1026915',808,,180,23,,,0
20019,'1026918',837,,181,23,,,0
20019,'1026919',1437,,182,23,,,0
20019,'1026921',1337,,183,23,,,0
20019,'1026922',1037,,184,23,,,0
20019,'1031076',1207,,185,23,,,0
20019,'1031114',907,,186,23,,,0
20019,'1031117',1707,,187,23,,,0
20019,'1031123',1507,,188,23,,,0
20019,'1031134',1637,,189,23,,,0
20019,'1031180',1437,,190,23,,,0
20019,'1031230',1007,,191,23,,,0
20019,'1031240',1807,,192,23,,,0
20019,'1031246',1307,,193,23,,,0
20019,'1031248',2006,,194,23,,,0
20019,'1031270',1237,,195,23,,,0
20019,'1031271',1737,,196,23,,,0
20019,'1031273',1407,,197,23,,,0
20019,'1031309',1137,,198,23,,,0
20019,'1031316',2037,,199,23,,,0
20019,'1031367',937,,200,23,,,0
20019,'1031377',1837,,201,23,,,0
20019,'1031397',1937,,202,23,,,0
20019,'1031410',2107,,203,23,,,0
20019,'1031412',1537,,204,23,,,0
20019,'1031441',1907,,205,23,,,0
20019,'1031442',1337,,206,23,,,0
20019,'1031468',838,,207,23,,,0
20019,'1031488',1607,,208,23,,,0
20019,'1031519',1037,,209,23,,,0
20019,'1031541',1107,,210,23,,,0
