11019,'1032754',1432,,81,15,,,0
11019,'1032757',903,,82,15,,,0
11019,'1032758',1333,,83,15,,,0
11019,'1032760',2233,,84,15,,,0
11019,'1032761',2103,,85,15,,,0
11019,'1032765',1803,,86,15,,,0
11019,'1032766',1532,,87,15,,,0
11019,'1032768',1533,,88,15,,,0
11019,'1032771',2033,,89,15,,,0
11019,'1032772',1403,,90,15,,,0
11019,'1032774',902,,91,15,,,0
11019,'1032775',1003,,92,15,,,0
11019,'1032776',1832,,93,15,,,0
11019,'1032777',1133,,94,15,,,0
11019,'1032779',1733,,95,15,,,0
11019,'1032780',1503,,96,15,,,0
11019,'1032781',1633,,97,15,,,0
11019,'1032784',1233,,98,15,,,0
11019,'1032785',1833,,99,15,,,0
11019,'1032787',1603,,100,15,,,0
11019,'1032795',1402,,101,15,,,0
11019,'1032796',1203,,102,15,,,0
11019,'1032798',1502,,103,15,,,0
11019,'1032801',1332,,104,15,,,0
11019,'1032803',1032,,105,15,,,0
11019,'1032804',1303,,106,15,,,0
11019,'1032807',1803,,107,15,,,0
11019,'1032809',2003,,108,15,,,0
11019,'1032810',1433,,109,15,,,0
11019,'1032814',1603,,110,15,,,0
11019,'1032816',2003,,111,15,,,0
11019,'1032817',1933,,112,15,,,0
11019,'1032820',903,,113,15,,,0
11019,'1032821',1233,,114,15,,,0
11019,'1032822',932,,115,15,,,0
11019,'1032823',1002,,116,15,,,0
11019,'1032824',1033,,117,15,,,0
11019,'1032826',1703,,118,15,,,0
11019,'1032827',1102,,119,15,,,0
11019,'1032828',803,,120,15,,,0
11019,'1032831',1333,,121,15,,,0
11019,'1032834',1033,,122,15,,,0
11019,'1032838',2103,,123,15,,,0
11019,'1032839',1802,,124,15,,,0
11019,'1032841',1933,,125,15,,,0
11019,'1032846',733,,126,15,,,0
11019,'1032848',1900,,127,15,,,0
11019,'1032850',1602,,128,15,,,0
11019,'1032857',1833,,129,15,,,0
11019,'1032858',2033,,130,15,,,0
11019,'1032860',1103,,131,15,,,0
11019,'1032862',1900,,132,15,,,0
11019,'1032865',833,,133,15,,,0
11019,'1032866',933,,134,15,,,0
11019,'1032867',1633,,135,15,,,0
11019,'1032871',1703,,136,15,,,0
11019,'1032872',1433,,137,15,,,0
11019,'1032875',1132,,138,15,,,0
11019,'1032876',1133,,139,15,,,0
11019,'1032881',1902,,140,15,,,0
11019,'1032882',933,,141,15,,,0
11019,'1032883',2133,,142,15,,,0
11019,'1032885',1732,,143,15,,,0
11019,'1032887',1733,,144,15,,,0
11019,'1032890',1632,,145,15,,,0
11019,'1032892',1003,,146,15,,,0
11019,'1032894',1302,,147,15,,,0
11019,'1032896',1103,,148,15,,,0
11019,'1032901',1202,,149,15,,,0
11019,'1032904',2203,,150,15,,,0
11019,'1032906',1303,,151,15,,,0
11019,'1032908',829,,152,15,,,0
11019,'1032909',833,,153,15,,,0
11019,'1032911',1403,,154,15,,,0
11019,'1032913',703,,155,15,,,0
11019,'1032917',1232,,156,15,,,0
11019,'1032919',1533,,157,15,,,0
11019,'1032926',1503,,158,15,,,0
11019,'1032928',1203,,159,15,,,0
11019,'1032930',1702,,160,15,,,0
