53019,'1024242',1915,,517,15,,,0
53019,'1024246',2045,,518,15,,,0
53019,'1024254',2115,,519,15,,,0
53019,'1024269',2015,,520,15,,,0
53019,'1024272',2145,,521,15,,,0
53019,'1024279',2215,,522,15,,,0
53019,'1024280',1845,,523,15,,,0
53019,'1024313',1945,,524,15,,,0
53019,'1034057',1915,,525,12,,,0
53019,'1034060',745,,526,16,,,0
53019,'1034061',915,,527,12,,,0
53019,'1034064',1115,,528,12,,,0
53019,'1034065',1415,,529,16,,,0
53019,'1034069',1515,,530,12,,,0
53019,'1034070',1545,,531,16,,,0
53019,'1034072',1845,,532,12,,,0
53019,'1034074',945,,533,16,,,0
53019,'1034077',1215,,534,12,,,0
53019,'1034079',1645,,535,16,,,0
53019,'1034082',1745,,536,16,,,0
53019,'1034083',1745,,537,12,,,0
53019,'1034085',1545,,538,12,,,0
53019,'1034087',845,,539,16,,,0
53019,'1034091',845,,540,12,,,0
53019,'1034092',1015,,541,12,,,0
53019,'1034094',1445,,542,12,,,0
53019,'1034095',815,,543,12,,,0
53019,'1034100',1415,,544,12,,,0
53019,'1034102',815,,545,16,,,0
53019,'1034104',1745,,546,12,,,0
53019,'1034105',1415,,547,12,,,0
53019,'1034106',1245,,548,16,,,0
53019,'1034107',1115,,549,12,,,0
53019,'1034108',915,,550,12,,,0
53019,'1034113',1715,,551,12,,,0
53019,'1034115',1145,,552,16,,,0
53019,'1034116',1945,,553,12,,,0
53019,'1034120',1715,,554,16,,,0
53019,'1034121',845,,555,12,,,0
53019,'1034122',715,,556,16,,,0
53019,'1034123',1815,,557,12,,,0
53019,'1034124',1615,,558,16,,,0
53019,'1034126',1645,,559,12,,,0
53019,'1034127',915,,560,16,,,0
53019,'1034128',1345,,561,16,,,0
53019,'1034135',1615,,562,12,,,0
53019,'1034136',1445,,563,12,,,0
53019,'1034139',1245,,564,12,,,0
53019,'1034140',1045,,565,12,,,0
53019,'1034144',815,,566,12,,,0
53019,'1034145',1715,,567,12,,,0
53019,'1034149',1215,,568,12,,,0
53019,'1034150',1145,,569,12,,,0
53019,'1034151',1045,,570,16,,,0
53019,'1034154',1615,,571,12,,,0
53019,'1034155',1315,,572,12,,,0
53019,'1034157',2045,,573,12,,,0
53019,'1034158',1045,,574,12,,,0
53019,'1034161',1015,,575,12,,,0
53019,'1034162',1145,,576,12,,,0
53019,'1034165',1515,,577,16,,,0
53019,'1034168',1215,,578,16,,,0
53019,'1034169',2015,,579,12,,,0
53019,'1034178',1315,,580,16,,,0
53019,'1034179',1545,,581,12,,,0
53019,'1034182',1815,,582,12,,,0
53019,'1034183',945,,583,12,,,0
53019,'1034185',1245,,584,12,,,0
53019,'1034187',945,,585,12,,,0
53019,'1034190',1345,,586,12,,,0
53019,'1034192',1815,,587,16,,,0
53019,'1034193',1345,,588,12,,,0
53019,'1034194',1115,,589,16,,,0
53019,'1034195',1915,,590,12,,,0
53019,'1034196',1015,,591,16,,,0
53019,'1034198',1845,,592,12,,,0
53019,'1034199',1515,,593,12,,,0
53019,'1034200',1315,,594,12,,,0
53019,'1034202',1645,,595,12,,,0
53019,'1034204',1445,,596,16,,,0
53019,'1034205',645,,597,16,,,0
