61019,'1023602',2215,,671,19,,,0
61019,'1023604',1045,,672,13,,,0
61019,'1023607',1145,,673,13,,,0
61019,'1023608',1515,,674,13,,,0
61019,'1023609',1545,,675,13,,,0
61019,'1023612',745,,676,13,,,0
61019,'1023613',1345,,677,13,,,0
61019,'1023615',2045,,678,19,,,0
61019,'1023616',1615,,679,13,,,0
61019,'1023617',715,,680,13,,,0
61019,'1023618',1815,,681,13,,,0
61019,'1023622',2145,,682,19,,,0
61019,'1023625',1315,,683,13,,,0
61019,'1023627',1845,,684,19,,,0
61019,'1023628',1915,,685,19,,,0
61019,'1023629',945,,686,13,,,0
61019,'1023630',1445,,687,13,,,0
61019,'1023631',645,,688,13,,,0
61019,'1023633',1415,,689,13,,,0
61019,'1023634',1645,,690,13,,,0
61019,'1023637',845,,691,13,,,0
61019,'1023640',2015,,692,19,,,0
61019,'1023642',915,,693,13,,,0
61019,'1023643',1715,,694,13,,,0
61019,'1023646',1745,,695,13,,,0
61019,'1023647',1245,,696,13,,,0
61019,'1023649',1945,,697,19,,,0
61019,'1023650',1115,,698,13,,,0
61019,'1023651',1015,,699,13,,,0
61019,'1023653',815,,700,13,,,0
61019,'1023654',2115,,701,19,,,0
61019,'1023655',1215,,702,13,,,0
61019,'1031073',1145,,703,13,,,0
61019,'1031088',1015,,704,13,,,0
61019,'1031106',1545,,705,13,,,0
61019,'1031112',1545,,706,13,,,0
61019,'1031128',945,,707,13,,,0
61019,'1031140',1015,,708,13,,,0
61019,'1031141',1145,,709,13,,,0
61019,'1031143',1345,,710,13,,,0
61019,'1031150',1815,,711,13,,,0
61019,'1031153',1945,,712,13,,,0
61019,'1031155',1345,,713,13,,,0
61019,'1031162',1615,,714,13,,,0
61019,'1031165',1845,,715,13,,,0
61019,'1031173',1315,,716,13,,,0
61019,'1031179',1115,,717,13,,,0
61019,'1031199',1245,,718,13,,,0
61019,'1031206',1315,,719,13,,,0
61019,'1031222',1745,,720,13,,,0
61019,'1031225',915,,721,13,,,0
61019,'1031226',2015,,722,13,,,0
61019,'1031228',1845,,723,13,,,0
61019,'1031252',845,,724,13,,,0
61019,'1031258',845,,725,13,,,0
61019,'1031260',815,,726,13,,,0
61019,'1031277',1715,,727,13,,,0
61019,'1031293',1515,,728,13,,,0
61019,'1031304',1415,,729,13,,,0
61019,'1031313',1115,,730,13,,,0
61019,'1031330',1445,,731,13,,,0
61019,'1031331',2045,,732,13,,,0
61019,'1031335',815,,733,13,,,0
61019,'1031357',1415,,734,13,,,0
61019,'1031359',1815,,735,13,,,0
61019,'1031360',1915,,736,13,,,0
61019,'1031362',1045,,737,13,,,0
61019,'1031375',1515,,738,13,,,0
61019,'1031384',1645,,739,13,,,0
61019,'1031388',1215,,740,13,,,0
61019,'1031391',1915,,741,13,,,0
61019,'1031407',1745,,742,13,,,0
61019,'1031411',1215,,743,13,,,0
61019,'1031414',915,,744,13,,,0
61019,'1031435',1615,,745,13,,,0
61019,'1031457',1645,,746,13,,,0
61019,'1031462',1245,,747,13,,,0
61019,'1031483',945,,748,13,,,0
61019,'1031501',1445,,749,13,,,0
61019,'1031516',1045,,750,13,,,0
61019,'1031526',1715,,751,13,,,0
