61019,'1023602',2215,,671,20,,,0
61019,'1023604',1046,,672,14,,,0
61019,'1023607',1146,,673,14,,,0
61019,'1023608',1516,,674,14,,,0
61019,'1023609',1546,,675,14,,,0
61019,'1023612',746,,676,14,,,0
61019,'1023613',1346,,677,14,,,0
61019,'1023615',2045,,678,20,,,0
61019,'1023616',1616,,679,14,,,0
61019,'1023617',716,,680,14,,,0
61019,'1023618',1816,,681,14,,,0
61019,'1023622',2145,,682,20,,,0
61019,'1023625',1316,,683,14,,,0
61019,'1023627',1845,,684,20,,,0
61019,'1023628',1915,,685,20,,,0
61019,'1023629',946,,686,14,,,0
61019,'1023630',1446,,687,14,,,0
61019,'1023631',646,,688,14,,,0
61019,'1023633',1416,,689,14,,,0
61019,'1023634',1646,,690,14,,,0
61019,'1023637',846,,691,14,,,0
61019,'1023640',2015,,692,20,,,0
61019,'1023642',916,,693,14,,,0
61019,'1023643',1716,,694,14,,,0
61019,'1023646',1746,,695,14,,,0
61019,'1023647',1246,,696,14,,,0
61019,'1023649',1945,,697,20,,,0
61019,'1023650',1116,,698,14,,,0
61019,'1023651',1016,,699,14,,,0
61019,'1023653',816,,700,14,,,0
61019,'1023654',2115,,701,20,,,0
61019,'1023655',1216,,702,14,,,0
61019,'1031073',1146,,703,14,,,0
61019,'1031088',1016,,704,14,,,0
61019,'1031106',1546,,705,14,,,0
61019,'1031112',1546,,706,14,,,0
61019,'1031128',946,,707,14,,,0
61019,'1031140',1016,,708,14,,,0
61019,'1031141',1146,,709,14,,,0
61019,'1031143',1346,,710,14,,,0
61019,'1031150',1816,,711,14,,,0
61019,'1031153',1946,,712,14,,,0
61019,'1031155',1346,,713,14,,,0
61019,'1031162',1616,,714,14,,,0
61019,'1031165',1846,,715,14,,,0
61019,'1031173',1316,,716,14,,,0
61019,'1031179',1116,,717,14,,,0
61019,'1031199',1246,,718,14,,,0
61019,'1031206',1316,,719,14,,,0
61019,'1031222',1746,,720,14,,,0
61019,'1031225',916,,721,14,,,0
61019,'1031226',2016,,722,14,,,0
61019,'1031228',1846,,723,14,,,0
61019,'1031252',846,,724,14,,,0
61019,'1031258',846,,725,14,,,0
61019,'1031260',816,,726,14,,,0
61019,'1031277',1716,,727,14,,,0
61019,'1031293',1516,,728,14,,,0
61019,'1031304',1416,,729,14,,,0
61019,'1031313',1116,,730,14,,,0
61019,'1031330',1446,,731,14,,,0
61019,'1031331',2046,,732,14,,,0
61019,'1031335',816,,733,14,,,0
61019,'1031357',1416,,734,14,,,0
61019,'1031359',1816,,735,14,,,0
61019,'1031360',1916,,736,14,,,0
61019,'1031362',1046,,737,14,,,0
61019,'1031375',1516,,738,14,,,0
61019,'1031384',1646,,739,14,,,0
61019,'1031388',1216,,740,14,,,0
61019,'1031391',1916,,741,14,,,0
61019,'1031407',1746,,742,14,,,0
61019,'1031411',1216,,743,14,,,0
61019,'1031414',916,,744,14,,,0
61019,'1031435',1616,,745,14,,,0
61019,'1031457',1646,,746,14,,,0
61019,'1031462',1246,,747,14,,,0
61019,'1031483',946,,748,14,,,0
61019,'1031501',1446,,749,14,,,0
61019,'1031516',1046,,750,14,,,0
61019,'1031526',1716,,751,14,,,0
