56019,'1023995',913,,598,9,,,0
56019,'1023996',1043,,599,9,,,0
56019,'1024001',812,,600,9,,,0
56019,'1024009',1013,,601,9,,,0
56019,'1024011',1813,,602,9,,,0
56019,'1024012',1113,,603,9,,,0
56019,'1024019',1543,,604,9,,,0
56019,'1024026',1513,,605,9,,,0
56019,'1024027',1743,,606,9,,,0
56019,'1024031',1143,,607,9,,,0
56019,'1024039',1443,,608,9,,,0
56019,'1024041',643,,609,9,,,0
56019,'1024069',843,,610,9,,,0
56019,'1024071',943,,611,9,,,0
56019,'1024080',713,,612,9,,,0
56019,'1024083',1643,,613,9,,,0
56019,'1024089',1613,,614,9,,,0
56019,'1024090',1213,,615,9,,,0
56019,'1024116',1313,,616,9,,,0
56019,'1024120',1243,,617,9,,,0
56019,'1024130',1413,,618,9,,,0
56019,'1024135',1343,,619,9,,,0
56019,'1024139',1713,,620,9,,,0
56019,'1024140',743,,621,9,,,0
56019,'1031091',1743,,622,9,,,0
56019,'1031104',1343,,623,9,,,0
56019,'1031125',1543,,624,9,,,0
56019,'1031129',1243,,625,9,,,0
56019,'1031130',913,,626,9,,,0
56019,'1031138',843,,627,9,,,0
56019,'1031146',943,,628,9,,,0
56019,'1031158',1813,,629,9,,,0
56019,'1031174',1643,,630,9,,,0
56019,'1031176',1713,,631,9,,,0
56019,'1031184',1543,,632,9,,,0
56019,'1031187',913,,633,9,,,0
56019,'1031196',812,,634,9,,,0
56019,'1031201',1513,,635,9,,,0
56019,'1031204',1843,,636,9,,,0
56019,'1031209',1813,,637,9,,,0
56019,'1031212',843,,638,9,,,0
56019,'1031229',1313,,639,9,,,0
56019,'1031235',1213,,640,9,,,0
56019,'1031261',1413,,641,9,,,0
56019,'1031274',1143,,642,9,,,0
56019,'1031319',1513,,643,9,,,0
56019,'1031337',1913,,644,9,,,0
56019,'1031343',1913,,645,9,,,0
56019,'1031348',1413,,646,9,,,0
56019,'1031368',1743,,647,9,,,0
56019,'1031370',1043,,648,9,,,0
56019,'1031373',1313,,649,9,,,0
56019,'1031376',1013,,650,9,,,0
56019,'1031386',1213,,651,9,,,0
56019,'1031395',1443,,652,9,,,0
56019,'1031396',1943,,653,9,,,0
56019,'1031404',1613,,654,9,,,0
56019,'1031415',1243,,655,9,,,0
56019,'1031416',1043,,656,9,,,0
56019,'1031419',1113,,657,9,,,0
56019,'1031426',2013,,658,9,,,0
56019,'1031433',1343,,659,9,,,0
56019,'1031449',812,,660,9,,,0
56019,'1031469',1713,,661,9,,,0
56019,'1031476',1113,,662,9,,,0
56019,'1031478',1843,,663,9,,,0
56019,'1031481',1443,,664,9,,,0
56019,'1031515',2043,,665,9,,,0
56019,'1031520',1013,,666,9,,,0
56019,'1031522',1143,,667,9,,,0
56019,'1031528',1613,,668,9,,,0
56019,'1031532',943,,669,9,,,0
56019,'1031539',1643,,670,9,,,0
61019,'1023602',2205,2,671,7,,,0
61019,'1023615',2035,2,678,7,,,0
61019,'1023622',2135,2,682,7,,,0
61019,'1023627',1835,2,684,7,,,0
61019,'1023628',1905,2,685,7,,,0
61019,'1023640',2005,2,692,7,,,0
61019,'1023649',1935,2,697,7,,,0
61019,'1023654',2105,2,701,7,,,0
