11019,'1032754',1426,,81,10,,,0
11019,'1032757',856,,82,10,,,0
11019,'1032758',1326,,83,10,,,0
11019,'1032760',2226,,84,10,,,0
11019,'1032761',2056,,85,10,,,0
11019,'1032765',1756,,86,10,,,0
11019,'1032766',1526,,87,10,,,0
11019,'1032768',1526,,88,10,,,0
11019,'1032771',2026,,89,10,,,0
11019,'1032772',1356,,90,10,,,0
11019,'1032774',856,,91,10,,,0
11019,'1032775',956,,92,10,,,0
11019,'1032776',1826,,93,10,,,0
11019,'1032777',1126,,94,10,,,0
11019,'1032779',1726,,95,10,,,0
11019,'1032780',1456,,96,10,,,0
11019,'1032781',1626,,97,10,,,0
11019,'1032784',1226,,98,10,,,0
11019,'1032785',1826,,99,10,,,0
11019,'1032787',1556,,100,10,,,0
11019,'1032795',1356,,101,10,,,0
11019,'1032796',1156,,102,10,,,0
11019,'1032798',1456,,103,10,,,0
11019,'1032801',1326,,104,10,,,0
11019,'1032803',1026,,105,10,,,0
11019,'1032804',1256,,106,10,,,0
11019,'1032807',1756,,107,10,,,0
11019,'1032809',1956,,108,10,,,0
11019,'1032810',1426,,109,10,,,0
11019,'1032814',1556,,110,10,,,0
11019,'1032816',1956,,111,10,,,0
11019,'1032817',1926,,112,10,,,0
11019,'1032820',856,,113,10,,,0
11019,'1032821',1226,,114,10,,,0
11019,'1032822',926,,115,10,,,0
11019,'1032823',956,,116,10,,,0
11019,'1032824',1026,,117,10,,,0
11019,'1032826',1656,,118,10,,,0
11019,'1032827',1056,,119,10,,,0
11019,'1032828',756,,120,10,,,0
11019,'1032831',1326,,121,10,,,0
11019,'1032834',1026,,122,10,,,0
11019,'1032838',2056,,123,10,,,0
11019,'1032839',1756,,124,10,,,0
11019,'1032841',1926,,125,10,,,0
11019,'1032846',726,,126,10,,,0
11019,'1032848',1856,,127,10,,,0
11019,'1032850',1556,,128,10,,,0
11019,'1032857',1826,,129,10,,,0
11019,'1032858',2026,,130,10,,,0
11019,'1032860',1056,,131,10,,,0
11019,'1032862',1856,,132,10,,,0
11019,'1032865',826,,133,10,,,0
11019,'1032866',926,,134,10,,,0
11019,'1032867',1626,,135,10,,,0
11019,'1032871',1656,,136,10,,,0
11019,'1032872',1426,,137,10,,,0
11019,'1032875',1126,,138,10,,,0
11019,'1032876',1126,,139,10,,,0
11019,'1032881',1856,,140,10,,,0
11019,'1032882',926,,141,10,,,0
11019,'1032883',2126,,142,10,,,0
11019,'1032885',1726,,143,10,,,0
11019,'1032887',1726,,144,10,,,0
11019,'1032890',1626,,145,10,,,0
11019,'1032892',956,,146,10,,,0
11019,'1032894',1256,,147,10,,,0
11019,'1032896',1056,,148,10,,,0
11019,'1032901',1156,,149,10,,,0
11019,'1032904',2156,,150,10,,,0
11019,'1032906',1256,,151,10,,,0
11019,'1032908',824,,152,10,,,0
11019,'1032909',826,,153,10,,,0
11019,'1032911',1356,,154,10,,,0
11019,'1032913',656,,155,10,,,0
11019,'1032917',1226,,156,10,,,0
11019,'1032919',1526,,157,10,,,0
11019,'1032926',1456,,158,10,,,0
11019,'1032928',1156,,159,10,,,0
11019,'1032930',1656,,160,10,,,0
