21019,'1021456',1104,,211,27,,,0
21019,'1021471',1704,,212,27,,,0
21019,'1021474',1834,,213,27,,,0
21019,'1021550',1034,,214,27,,,0
21019,'1021570',934,,215,27,,,0
21019,'1021573',1504,,216,27,,,0
21019,'1021593',1404,,217,27,,,0
21019,'1021602',1134,,218,27,,,0
21019,'1021624',1004,,219,27,,,0
21019,'1021627',804,,220,27,,,0
21019,'1021655',834,,221,27,,,0
21019,'1021727',1604,,222,27,,,0
21019,'1021738',1234,,223,27,,,0
21019,'1021744',904,,224,27,,,0
21019,'1021749',734,,225,27,,,0
21019,'1021766',1634,,226,27,,,0
21019,'1021767',1804,,227,27,,,0
21019,'1021782',1334,,228,27,,,0
21019,'1021819',1304,,229,27,,,0
21019,'1021826',1534,,230,27,,,0
21019,'1021829',1434,,231,27,,,0
21019,'1021844',704,,232,27,,,0
21019,'1021899',1204,,233,27,,,0
21019,'1021900',1734,,234,27,,,0
21019,'1026826',2138,,235,28,,,0
21019,'1026827',1938,,236,28,,,0
21019,'1026835',2208,,237,28,,,0
21019,'1026837',1908,,238,28,,,0
21019,'1026853',2037,,239,28,,,0
21019,'1026855',2008,,240,28,,,0
21019,'1026862',2238,,241,28,,,0
21019,'1026866',2108,,242,28,,,0
21019,'1031071',1834,,243,27,,,0
21019,'1031083',1504,,244,27,,,0
21019,'1031101',1838,,245,27,,,0
21019,'1031108',1708,,246,27,,,0
21019,'1031131',1738,,247,27,,,0
21019,'1031137',1904,,248,27,,,0
21019,'1031145',904,,249,27,,,0
21019,'1031147',1538,,250,27,,,0
21019,'1031161',1004,,251,27,,,0
21019,'1031163',1934,,252,27,,,0
21019,'1031195',1634,,253,27,,,0
21019,'1031197',1304,,254,27,,,0
21019,'1031215',938,,255,27,,,0
21019,'1031216',908,,256,27,,,0
21019,'1031218',1534,,257,27,,,0
21019,'1031220',2004,,258,27,,,0
21019,'1031241',1238,,259,27,,,0
21019,'1031247',1704,,260,27,,,0
21019,'1031256',1408,,261,27,,,0
21019,'1031262',2034,,262,27,,,0
21019,'1031266',1908,,263,27,,,0
21019,'1031268',1308,,264,27,,,0
21019,'1031279',1204,,265,27,,,0
21019,'1031281',1038,,266,27,,,0
21019,'1031285',1108,,267,27,,,0
21019,'1031298',1808,,268,27,,,0
21019,'1031311',1734,,269,27,,,0
21019,'1031314',1008,,270,27,,,0
21019,'1031315',1608,,271,27,,,0
21019,'1031328',1138,,272,27,,,0
21019,'1031332',838,,273,27,,,0
21019,'1031341',2104,,274,27,,,0
21019,'1031345',1338,,275,27,,,0
21019,'1031349',1508,,276,27,,,0
21019,'1031358',1604,,277,27,,,0
21019,'1031372',1208,,278,27,,,0
21019,'1031382',1434,,279,27,,,0
21019,'1031418',1134,,280,27,,,0
21019,'1031425',1638,,281,27,,,0
21019,'1031432',1334,,282,27,,,0
21019,'1031446',1438,,283,27,,,0
21019,'1031447',1404,,284,27,,,0
21019,'1031451',1034,,285,27,,,0
21019,'1031456',934,,286,27,,,0
21019,'1031460',834,,287,27,,,0
21019,'1031465',1104,,288,27,,,0
21019,'1031508',1804,,289,27,,,0
21019,'1031525',1234,,290,27,,,0
