30019,'1022006',1902,,341,23,,,0
30019,'1022019',2002,,342,23,,,0
30019,'1022024',1932,,343,23,,,0
30019,'1022033',2102,,344,23,,,0
30019,'1022037',2202,,345,23,,,0
30019,'1022062',2232,,346,23,,,0
30019,'1022075',2032,,347,23,,,0
30019,'1022083',2132,,348,23,,,0
30019,'1031079',1105,2,350,9,,,0
30019,'1031081',835,2,351,9,,,0
30019,'1031086',1005,2,354,9,,,0
30019,'1031094',1335,2,355,9,,,0
30019,'1031133',1805,2,359,9,,,0
30019,'1031208',1905,2,364,9,,,0
30019,'1031244',1735,2,366,9,,,0
30019,'1031280',2035,2,370,9,,,0
30019,'1031287',1705,2,371,9,,,0
30019,'1031295',1205,2,373,9,,,0
30019,'1031299',1535,2,375,9,,,0
30019,'1031305',1935,2,376,9,,,0
30019,'1031308',2005,2,378,9,,,0
30019,'1031322',1835,2,379,9,,,0
30019,'1031351',1035,2,382,9,,,0
30019,'1031405',1505,2,385,9,,,0
30019,'1031453',1435,2,387,9,,,0
30019,'1031454',935,2,388,9,,,0
30019,'1031463',1405,2,389,9,,,0
30019,'1031464',905,2,390,9,,,0
30019,'1031484',2105,2,392,9,,,0
30019,'1031490',1635,2,393,9,,,0
30019,'1031521',1235,2,396,9,,,0
30019,'1031523',1135,2,397,9,,,0
30019,'1031531',1605,2,399,9,,,0
30019,'1031535',1305,2,400,9,,,0
30019,'1031760',1335,2,403,9,,,0
30019,'1031761',1005,2,404,9,,,0
30019,'1031764',1735,2,407,9,,,0
30019,'1031766',935,2,409,9,,,0
30019,'1031767',1635,2,410,9,,,0
30019,'1031769',1805,2,412,9,,,0
30019,'1031770',1535,2,413,9,,,0
30019,'1031772',1705,2,415,9,,,0
30019,'1031774',905,2,417,9,,,0
30019,'1031784',835,2,427,9,,,0
30019,'1031785',1605,2,428,9,,,0
30019,'1031787',1035,2,430,9,,,0
30019,'1031788',1135,2,431,9,,,0
30019,'1031789',1205,2,432,9,,,0
30019,'1031791',1235,2,434,9,,,0
30019,'1031792',1905,2,435,9,,,0
30019,'1031793',1105,2,436,9,,,0
30019,'1031797',1405,2,440,9,,,0
30019,'1031798',1835,2,441,9,,,0
30019,'1031799',1435,2,442,9,,,0
30019,'1031800',1305,2,443,9,,,0
30019,'1031801',1505,2,444,9,,,0
