53019,'1024242',1917,,517,18,,,0
53019,'1024246',2047,,518,18,,,0
53019,'1024254',2117,,519,18,,,0
53019,'1024269',2017,,520,18,,,0
53019,'1024272',2147,,521,18,,,0
53019,'1024279',2217,,522,18,,,0
53019,'1024280',1847,,523,18,,,0
53019,'1024313',1947,,524,18,,,0
53019,'1034057',1917,,525,15,,,0
53019,'1034060',747,,526,19,,,0
53019,'1034061',917,,527,15,,,0
53019,'1034064',1117,,528,15,,,0
53019,'1034065',1417,,529,19,,,0
53019,'1034069',1517,,530,15,,,0
53019,'1034070',1547,,531,19,,,0
53019,'1034072',1847,,532,15,,,0
53019,'1034074',947,,533,19,,,0
53019,'1034077',1217,,534,15,,,0
53019,'1034079',1647,,535,19,,,0
53019,'1034082',1747,,536,19,,,0
53019,'1034083',1747,,537,15,,,0
53019,'1034085',1547,,538,15,,,0
53019,'1034087',847,,539,19,,,0
53019,'1034091',847,,540,15,,,0
53019,'1034092',1017,,541,15,,,0
53019,'1034094',1447,,542,15,,,0
53019,'1034095',817,,543,15,,,0
53019,'1034100',1417,,544,15,,,0
53019,'1034102',817,,545,19,,,0
53019,'1034104',1747,,546,15,,,0
53019,'1034105',1417,,547,15,,,0
53019,'1034106',1247,,548,19,,,0
53019,'1034107',1117,,549,15,,,0
53019,'1034108',917,,550,15,,,0
53019,'1034113',1717,,551,15,,,0
53019,'1034115',1147,,552,19,,,0
53019,'1034116',1947,,553,15,,,0
53019,'1034120',1717,,554,19,,,0
53019,'1034121',847,,555,15,,,0
53019,'1034122',717,,556,19,,,0
53019,'1034123',1817,,557,15,,,0
53019,'1034124',1617,,558,19,,,0
53019,'1034126',1647,,559,15,,,0
53019,'1034127',917,,560,19,,,0
53019,'1034128',1347,,561,19,,,0
53019,'1034135',1617,,562,15,,,0
53019,'1034136',1447,,563,15,,,0
53019,'1034139',1247,,564,15,,,0
53019,'1034140',1047,,565,15,,,0
53019,'1034144',817,,566,15,,,0
53019,'1034145',1717,,567,15,,,0
53019,'1034149',1217,,568,15,,,0
53019,'1034150',1147,,569,15,,,0
53019,'1034151',1047,,570,19,,,0
53019,'1034154',1617,,571,15,,,0
53019,'1034155',1317,,572,15,,,0
53019,'1034157',2047,,573,15,,,0
53019,'1034158',1047,,574,15,,,0
53019,'1034161',1017,,575,15,,,0
53019,'1034162',1147,,576,15,,,0
53019,'1034165',1517,,577,19,,,0
53019,'1034168',1217,,578,19,,,0
53019,'1034169',2017,,579,15,,,0
53019,'1034178',1317,,580,19,,,0
53019,'1034179',1547,,581,15,,,0
53019,'1034182',1817,,582,15,,,0
53019,'1034183',947,,583,15,,,0
53019,'1034185',1247,,584,15,,,0
53019,'1034187',947,,585,15,,,0
53019,'1034190',1347,,586,15,,,0
53019,'1034192',1817,,587,19,,,0
53019,'1034193',1347,,588,15,,,0
53019,'1034194',1117,,589,19,,,0
53019,'1034195',1917,,590,15,,,0
53019,'1034196',1017,,591,19,,,0
53019,'1034198',1847,,592,15,,,0
53019,'1034199',1517,,593,15,,,0
53019,'1034200',1317,,594,15,,,0
53019,'1034202',1647,,595,15,,,0
53019,'1034204',1447,,596,19,,,0
53019,'1034205',647,,597,19,,,0
