31019,'1023497',935,,445,6,0,5 6,0
31019,'1023498',1605,,446,6,0,5 6,0
31019,'1023502',1805,,447,6,0,5 6,0
31019,'1023504',1105,,448,6,0,5 6,0
31019,'1023514',1505,,449,6,0,5 6,0
31019,'1023515',835,,450,6,0,5 6,0
31019,'1023516',1335,,451,6,0,5 6,0
31019,'1023523',1435,,452,6,0,5 6,0
31019,'1023524',705,,453,6,0,5 6,0
31019,'1023532',1305,,454,6,0,5 6,0
31019,'1023535',1735,,455,6,0,5 6,0
31019,'1023540',1205,,456,6,0,5 6,0
31019,'1023543',1835,,457,6,0,5 6,0
31019,'1023553',1135,,458,6,0,5 6,0
31019,'1023555',1535,,459,6,0,5 6,0
31019,'1023561',1705,,460,6,0,5 6,0
31019,'1023562',1035,,461,6,0,5 6,0
31019,'1023568',1005,,462,6,0,5 6,0
31019,'1023572',1405,,463,6,0,5 6,0
31019,'1023574',905,,464,6,0,5 6,0
31019,'1023581',1235,,465,6,0,5 6,0
31019,'1023583',805,,466,6,0,5 6,0
31019,'1023586',735,,467,6,0,5 6,0
31019,'1023590',1635,,468,6,0,5 6,0
