53019,'1024242',1910,,517,8,,,0
53019,'1024246',2040,,518,8,,,0
53019,'1024254',2110,,519,8,,,0
53019,'1024269',2010,,520,8,,,0
53019,'1024272',2140,,521,8,,,0
53019,'1024279',2210,,522,8,,,0
53019,'1024280',1840,,523,8,,,0
53019,'1024313',1940,,524,8,,,0
53019,'1034057',1905,,525,5,,,0
53019,'1034060',738,,526,9,,,0
53019,'1034061',905,,527,5,,,0
53019,'1034064',1105,,528,5,,,0
53019,'1034065',1408,,529,9,,,0
53019,'1034069',1505,,530,5,,,0
53019,'1034070',1538,,531,9,,,0
53019,'1034072',1835,,532,5,,,0
53019,'1034074',938,,533,9,,,0
53019,'1034077',1205,,534,5,,,0
53019,'1034079',1638,,535,9,,,0
53019,'1034082',1738,,536,9,,,0
53019,'1034083',1735,,537,5,,,0
53019,'1034085',1535,,538,5,,,0
53019,'1034087',838,,539,9,,,0
53019,'1034091',835,,540,5,,,0
53019,'1034092',1005,,541,5,,,0
53019,'1034094',1435,,542,5,,,0
53019,'1034095',805,,543,5,,,0
53019,'1034100',1405,,544,5,,,0
53019,'1034102',808,,545,9,,,0
53019,'1034104',1735,,546,5,,,0
53019,'1034105',1405,,547,5,,,0
53019,'1034106',1238,,548,9,,,0
53019,'1034107',1105,,549,5,,,0
53019,'1034108',905,,550,5,,,0
53019,'1034113',1705,,551,5,,,0
53019,'1034115',1138,,552,9,,,0
53019,'1034116',1935,,553,5,,,0
53019,'1034120',1708,,554,9,,,0
53019,'1034121',835,,555,5,,,0
53019,'1034122',708,,556,9,,,0
53019,'1034123',1805,,557,5,,,0
53019,'1034124',1608,,558,9,,,0
53019,'1034126',1635,,559,5,,,0
53019,'1034127',908,,560,9,,,0
53019,'1034128',1338,,561,9,,,0
53019,'1034135',1605,,562,5,,,0
53019,'1034136',1435,,563,5,,,0
53019,'1034139',1235,,564,5,,,0
53019,'1034140',1035,,565,5,,,0
53019,'1034144',805,,566,5,,,0
53019,'1034145',1705,,567,5,,,0
53019,'1034149',1205,,568,5,,,0
53019,'1034150',1135,,569,5,,,0
53019,'1034151',1038,,570,9,,,0
53019,'1034154',1605,,571,5,,,0
53019,'1034155',1305,,572,5,,,0
53019,'1034157',2035,,573,5,,,0
53019,'1034158',1035,,574,5,,,0
53019,'1034161',1005,,575,5,,,0
53019,'1034162',1135,,576,5,,,0
53019,'1034165',1508,,577,9,,,0
53019,'1034168',1208,,578,9,,,0
53019,'1034169',2005,,579,5,,,0
53019,'1034178',1308,,580,9,,,0
53019,'1034179',1535,,581,5,,,0
53019,'1034182',1805,,582,5,,,0
53019,'1034183',935,,583,5,,,0
53019,'1034185',1235,,584,5,,,0
53019,'1034187',935,,585,5,,,0
53019,'1034190',1335,,586,5,,,0
53019,'1034192',1808,,587,9,,,0
53019,'1034193',1335,,588,5,,,0
53019,'1034194',1108,,589,9,,,0
53019,'1034195',1905,,590,5,,,0
53019,'1034196',1008,,591,9,,,0
53019,'1034198',1835,,592,5,,,0
53019,'1034199',1505,,593,5,,,0
53019,'1034200',1305,,594,5,,,0
53019,'1034202',1635,,595,5,,,0
53019,'1034204',1438,,596,9,,,0
53019,'1034205',638,,597,9,,,0
