53019,'1024242',1908,,517,6,,,0
53019,'1024246',2038,,518,6,,,0
53019,'1024254',2108,,519,6,,,0
53019,'1024269',2008,,520,6,,,0
53019,'1024272',2138,,521,6,,,0
53019,'1024279',2208,,522,6,,,0
53019,'1024280',1838,,523,6,,,0
53019,'1024313',1938,,524,6,,,0
53019,'1034057',1902,,525,3,,,0
53019,'1034060',736,,526,7,,,0
53019,'1034061',902,,527,3,,,0
53019,'1034064',1102,,528,3,,,0
53019,'1034065',1406,,529,7,,,0
53019,'1034069',1502,,530,3,,,0
53019,'1034070',1536,,531,7,,,0
53019,'1034072',1832,,532,3,,,0
53019,'1034074',936,,533,7,,,0
53019,'1034077',1202,,534,3,,,0
53019,'1034079',1636,,535,7,,,0
53019,'1034082',1736,,536,7,,,0
53019,'1034083',1732,,537,3,,,0
53019,'1034085',1532,,538,3,,,0
53019,'1034087',836,,539,7,,,0
53019,'1034091',832,,540,3,,,0
53019,'1034092',1002,,541,3,,,0
53019,'1034094',1432,,542,3,,,0
53019,'1034095',802,,543,3,,,0
53019,'1034100',1402,,544,3,,,0
53019,'1034102',806,,545,7,,,0
53019,'1034104',1732,,546,3,,,0
53019,'1034105',1402,,547,3,,,0
53019,'1034106',1236,,548,7,,,0
53019,'1034107',1102,,549,3,,,0
53019,'1034108',902,,550,3,,,0
53019,'1034113',1702,,551,3,,,0
53019,'1034115',1136,,552,7,,,0
53019,'1034116',1932,,553,3,,,0
53019,'1034120',1706,,554,7,,,0
53019,'1034121',832,,555,3,,,0
53019,'1034122',706,,556,7,,,0
53019,'1034123',1802,,557,3,,,0
53019,'1034124',1606,,558,7,,,0
53019,'1034126',1632,,559,3,,,0
53019,'1034127',906,,560,7,,,0
53019,'1034128',1336,,561,7,,,0
53019,'1034135',1602,,562,3,,,0
53019,'1034136',1432,,563,3,,,0
53019,'1034139',1232,,564,3,,,0
53019,'1034140',1032,,565,3,,,0
53019,'1034144',802,,566,3,,,0
53019,'1034145',1702,,567,3,,,0
53019,'1034149',1202,,568,3,,,0
53019,'1034150',1132,,569,3,,,0
53019,'1034151',1036,,570,7,,,0
53019,'1034154',1602,,571,3,,,0
53019,'1034155',1302,,572,3,,,0
53019,'1034157',2032,,573,3,,,0
53019,'1034158',1032,,574,3,,,0
53019,'1034161',1002,,575,3,,,0
53019,'1034162',1132,,576,3,,,0
53019,'1034165',1506,,577,7,,,0
53019,'1034168',1206,,578,7,,,0
53019,'1034169',2002,,579,3,,,0
53019,'1034178',1306,,580,7,,,0
53019,'1034179',1532,,581,3,,,0
53019,'1034182',1802,,582,3,,,0
53019,'1034183',932,,583,3,,,0
53019,'1034185',1232,,584,3,,,0
53019,'1034187',932,,585,3,,,0
53019,'1034190',1332,,586,3,,,0
53019,'1034192',1806,,587,7,,,0
53019,'1034193',1332,,588,3,,,0
53019,'1034194',1106,,589,7,,,0
53019,'1034195',1902,,590,3,,,0
53019,'1034196',1006,,591,7,,,0
53019,'1034198',1832,,592,3,,,0
53019,'1034199',1502,,593,3,,,0
53019,'1034200',1302,,594,3,,,0
53019,'1034202',1632,,595,3,,,0
53019,'1034204',1436,,596,7,,,0
53019,'1034205',636,,597,7,,,0
