10019,'1034055',1702,,1,20,,,0
10019,'1034056',1902,,2,20,,,0
10019,'1034058',1802,,3,20,,,0
10019,'1034059',732,,4,20,,,0
10019,'1034062',1532,,5,20,,,0
10019,'1034063',1402,,6,20,,,0
10019,'1034066',1232,,7,20,,,0
10019,'1034067',2102,,8,20,,,0
10019,'1034068',2002,,9,20,,,0
10019,'1034071',1302,,10,20,,,0
10019,'1034073',1832,,11,20,,,0
10019,'1034075',2202,,12,20,,,0
10019,'1034076',932,,13,20,,,0
10019,'1034078',1602,,14,20,,,0
10019,'1034080',1002,,15,20,,,0
10019,'1034081',2132,,16,20,,,0
10019,'1034084',1902,,17,20,,,0
10019,'1034086',1902,,18,20,,,0
10019,'1034088',1802,,19,20,,,0
10019,'1034089',1032,,20,20,,,0
10019,'1034090',1532,,21,20,,,0
10019,'1034093',2032,,22,20,,,0
10019,'1034096',1802,,23,20,,,0
10019,'1034097',1002,,24,20,,,0
10019,'1034098',1732,,25,20,,,0
10019,'1034099',902,,26,20,,,0
10019,'1034101',1432,,27,20,,,0
10019,'1034103',1302,,28,20,,,0
10019,'1034109',2232,,29,20,,,0
10019,'1034110',1032,,30,20,,,0
10019,'1034111',1732,,31,20,,,0
10019,'1034112',1832,,32,20,,,0
10019,'1034114',1502,,33,20,,,0
10019,'1034117',1202,,34,20,,,0
10019,'1034118',1432,,35,20,,,0
10019,'1034119',1532,,36,20,,,0
10019,'1034125',1132,,37,20,,,0
10019,'1034129',902,,38,20,,,0
10019,'1034130',1032,,39,20,,,0
10019,'1034131',1332,,40,20,,,0
10019,'1034132',1432,,41,20,,,0
10019,'1034133',1202,,42,20,,,0
10019,'1034134',1702,,43,20,,,0
10019,'1034137',1632,,44,20,,,0
10019,'1034138',1102,,45,20,,,0
10019,'1034141',1232,,46,20,,,0
10019,'1034142',1232,,47,20,,,0
10019,'1034143',932,,48,20,,,0
10019,'1034146',1402,,49,20,,,0
10019,'1034147',1502,,50,20,,,0
10019,'1034148',1132,,51,20,,,0
10019,'1034152',2002,,52,20,,,0
10019,'1034153',1932,,53,20,,,0
10019,'1034156',835,,54,20,,,0
10019,'1034159',1632,,55,20,,,0
10019,'1034160',835,,56,20,,,0
10019,'1034163',1602,,57,20,,,0
10019,'1034164',1732,,58,20,,,0
10019,'1034166',1832,,59,20,,,0
10019,'1034167',1632,,60,20,,,0
10019,'1034170',1332,,61,20,,,0
10019,'1034171',802,,62,20,,,0
10019,'1034172',1702,,63,20,,,0
10019,'1034173',932,,64,20,,,0
10019,'1034174',1602,,65,20,,,0
10019,'1034175',1332,,66,20,,,0
10019,'1034176',832,,67,20,,,0
10019,'1034177',1202,,68,20,,,0
10019,'1034180',2102,,69,20,,,0
10019,'1034181',1302,,70,20,,,0
10019,'1034184',1002,,71,20,,,0
10019,'1034186',2032,,72,20,,,0
10019,'1034188',1132,,73,20,,,0
10019,'1034189',1402,,74,20,,,0
10019,'1034191',1502,,75,20,,,0
10019,'1034197',1102,,76,20,,,0
10019,'1034201',1102,,77,20,,,0
10019,'1034203',707,,78,20,,,0
10019,'1034206',902,,79,20,,,0
10019,'1034207',1932,,80,20,,,0
