30019,'1022006',1907,,341,28,,,0
30019,'1022019',2007,,342,28,,,0
30019,'1022024',1937,,343,28,,,0
30019,'1022033',2107,,344,28,,,0
30019,'1022037',2207,,345,28,,,0
30019,'1022062',2237,,346,28,,,0
30019,'1022075',2037,,347,28,,,0
30019,'1022083',2137,,348,28,,,0
30019,'1031079',1107,,350,14,,,0
30019,'1031081',837,,351,14,,,0
30019,'1031086',1007,,354,14,,,0
30019,'1031094',1337,,355,14,,,0
30019,'1031133',1807,,359,14,,,0
30019,'1031208',1907,,364,14,,,0
30019,'1031244',1737,,366,14,,,0
30019,'1031280',2037,,370,14,,,0
30019,'1031287',1707,,371,14,,,0
30019,'1031295',1207,,373,14,,,0
30019,'1031299',1537,,375,14,,,0
30019,'1031305',1937,,376,14,,,0
30019,'1031308',2007,,378,14,,,0
30019,'1031322',1837,,379,14,,,0
30019,'1031351',1037,,382,14,,,0
30019,'1031405',1507,,385,14,,,0
30019,'1031453',1437,,387,14,,,0
30019,'1031454',937,,388,14,,,0
30019,'1031463',1407,,389,14,,,0
30019,'1031464',907,,390,14,,,0
30019,'1031484',2107,,392,14,,,0
30019,'1031490',1637,,393,14,,,0
30019,'1031521',1237,,396,14,,,0
30019,'1031523',1137,,397,14,,,0
30019,'1031531',1607,,399,14,,,0
30019,'1031535',1307,,400,14,,,0
30019,'1031760',1337,,403,14,,,0
30019,'1031761',1007,,404,14,,,0
30019,'1031764',1737,,407,14,,,0
30019,'1031766',937,,409,14,,,0
30019,'1031767',1637,,410,14,,,0
30019,'1031769',1807,,412,14,,,0
30019,'1031770',1537,,413,14,,,0
30019,'1031772',1707,,415,14,,,0
30019,'1031774',907,,417,14,,,0
30019,'1031784',837,,427,14,,,0
30019,'1031785',1607,,428,14,,,0
30019,'1031787',1037,,430,14,,,0
30019,'1031788',1137,,431,14,,,0
30019,'1031789',1207,,432,14,,,0
30019,'1031791',1237,,434,14,,,0
30019,'1031792',1907,,435,14,,,0
30019,'1031793',1107,,436,14,,,0
30019,'1031797',1407,,440,14,,,0
30019,'1031798',1837,,441,14,,,0
30019,'1031799',1437,,442,14,,,0
30019,'1031800',1307,,443,14,,,0
30019,'1031801',1507,,444,14,,,0
31019,'1023497',937,,445,10,0,5 6,0
31019,'1023498',1607,,446,10,0,5 6,0
31019,'1023502',1807,,447,10,0,5 6,0
31019,'1023504',1107,,448,10,0,5 6,0
31019,'1023514',1507,,449,10,0,5 6,0
31019,'1023515',837,,450,10,0,5 6,0
31019,'1023516',1337,,451,10,0,5 6,0
31019,'1023523',1437,,452,10,0,5 6,0
31019,'1023524',707,,453,10,0,5 6,0
31019,'1023532',1307,,454,10,0,5 6,0
31019,'1023535',1737,,455,10,0,5 6,0
31019,'1023540',1207,,456,10,0,5 6,0
31019,'1023543',1837,,457,10,0,5 6,0
31019,'1023553',1137,,458,10,0,5 6,0
31019,'1023555',1537,,459,10,0,5 6,0
31019,'1023561',1707,,460,10,0,5 6,0
31019,'1023562',1037,,461,10,0,5 6,0
31019,'1023568',1005,,462,10,0,5 6,0
31019,'1023572',1407,,463,10,0,5 6,0
31019,'1023574',907,,464,10,0,5 6,0
31019,'1023581',1237,,465,10,0,5 6,0
31019,'1023583',807,,466,10,0,5 6,0
31019,'1023586',737,,467,10,0,5 6,0
31019,'1023590',1637,,468,10,0,5 6,0
46019,'1024244',1339,,493,24,,,0
46019,'1024245',839,,494,24,,,0
46019,'1024250',1209,,495,24,,,0
46019,'1024253',1609,,496,24,,,0
46019,'1024263',739,,497,24,,,0
46019,'1024264',1239,,498,24,,,0
46019,'1024266',809,,499,24,,,0
46019,'1024267',1439,,500,24,,,0
46019,'1024268',1639,,501,24,,,0
46019,'1024271',1509,,502,24,,,0
46019,'1024278',1709,,503,24,,,0
46019,'1024282',1139,,504,24,,,0
46019,'1024288',939,,505,24,,,0
46019,'1024289',1739,,506,24,,,0
46019,'1024295',1009,,507,24,,,0
46019,'1024296',1809,,508,24,,,0
46019,'1024297',1839,,509,24,,,0
46019,'1024300',1309,,510,24,,,0
46019,'1024301',909,,511,24,,,0
46019,'1024303',1539,,512,24,,,0
46019,'1024304',1109,,513,24,,,0
46019,'1024309',1409,,514,24,,,0
46019,'1024310',709,,515,24,,,0
46019,'1024312',1039,,516,24,,,0
