21019,'1021456',1045,,211,2,,,0
21019,'1021471',1645,,212,2,,,0
21019,'1021474',1815,,213,2,,,0
21019,'1021550',1015,,214,2,,,0
21019,'1021570',915,,215,2,,,0
21019,'1021573',1445,,216,2,,,0
21019,'1021593',1345,,217,2,,,0
21019,'1021602',1115,,218,2,,,0
21019,'1021624',945,,219,2,,,0
21019,'1021627',745,,220,2,,,0
21019,'1021655',815,,221,2,,,0
21019,'1021727',1545,,222,2,,,0
21019,'1021738',1215,,223,2,,,0
21019,'1021744',845,,224,2,,,0
21019,'1021749',715,,225,2,,,0
21019,'1021766',1615,,226,2,,,0
21019,'1021767',1745,,227,2,,,0
21019,'1021782',1315,,228,2,,,0
21019,'1021819',1245,,229,2,,,0
21019,'1021826',1515,,230,2,,,0
21019,'1021829',1415,,231,2,,,0
21019,'1021844',645,,232,2,,,0
21019,'1021899',1145,,233,2,,,0
21019,'1021900',1715,,234,2,,,0
21019,'1026826',2115,,235,2,,,0
21019,'1026827',1915,,236,2,,,0
21019,'1026835',2145,,237,2,,,0
21019,'1026837',1845,,238,2,,,0
21019,'1026853',2015,,239,2,,,0
21019,'1026855',1945,,240,2,,,0
21019,'1026862',2215,,241,2,,,0
21019,'1026866',2045,,242,2,,,0
21019,'1031071',1815,,243,2,,,0
21019,'1031083',1445,,244,2,,,0
21019,'1031101',1815,,245,2,,,0
21019,'1031108',1645,,246,2,,,0
21019,'1031131',1715,,247,2,,,0
21019,'1031137',1845,,248,2,,,0
21019,'1031145',845,,249,2,,,0
21019,'1031147',1515,,250,2,,,0
21019,'1031161',945,,251,2,,,0
21019,'1031163',1915,,252,2,,,0
21019,'1031195',1615,,253,2,,,0
21019,'1031197',1245,,254,2,,,0
21019,'1031215',915,,255,2,,,0
21019,'1031216',845,,256,2,,,0
21019,'1031218',1515,,257,2,,,0
21019,'1031220',1945,,258,2,,,0
21019,'1031241',1215,,259,2,,,0
21019,'1031247',1645,,260,2,,,0
21019,'1031256',1345,,261,2,,,0
21019,'1031262',2015,,262,2,,,0
21019,'1031266',1845,,263,2,,,0
21019,'1031268',1245,,264,2,,,0
21019,'1031279',1145,,265,2,,,0
21019,'1031281',1015,,266,2,,,0
21019,'1031285',1045,,267,2,,,0
21019,'1031298',1745,,268,2,,,0
21019,'1031311',1715,,269,2,,,0
21019,'1031314',945,,270,2,,,0
21019,'1031315',1545,,271,2,,,0
21019,'1031328',1115,,272,2,,,0
21019,'1031332',815,,273,2,,,0
21019,'1031341',2045,,274,2,,,0
21019,'1031345',1315,,275,2,,,0
21019,'1031349',1445,,276,2,,,0
21019,'1031358',1545,,277,2,,,0
21019,'1031372',1145,,278,2,,,0
21019,'1031382',1415,,279,2,,,0
21019,'1031418',1115,,280,2,,,0
21019,'1031425',1615,,281,2,,,0
21019,'1031432',1315,,282,2,,,0
21019,'1031446',1415,,283,2,,,0
21019,'1031447',1345,,284,2,,,0
21019,'1031451',1015,,285,2,,,0
21019,'1031456',915,,286,2,,,0
21019,'1031460',815,,287,2,,,0
21019,'1031465',1045,,288,2,,,0
21019,'1031508',1745,,289,2,,,0
21019,'1031525',1215,,290,2,,,0
