53019,'1024242',1909,,517,7,,,0
53019,'1024246',2039,,518,7,,,0
53019,'1024254',2109,,519,7,,,0
53019,'1024269',2009,,520,7,,,0
53019,'1024272',2139,,521,7,,,0
53019,'1024279',2209,,522,7,,,0
53019,'1024280',1839,,523,7,,,0
53019,'1024313',1939,,524,7,,,0
53019,'1034057',1904,,525,4,,,0
53019,'1034060',737,,526,8,,,0
53019,'1034061',904,,527,4,,,0
53019,'1034064',1104,,528,4,,,0
53019,'1034065',1407,,529,8,,,0
53019,'1034069',1504,,530,4,,,0
53019,'1034070',1537,,531,8,,,0
53019,'1034072',1834,,532,4,,,0
53019,'1034074',937,,533,8,,,0
53019,'1034077',1204,,534,4,,,0
53019,'1034079',1637,,535,8,,,0
53019,'1034082',1737,,536,8,,,0
53019,'1034083',1734,,537,4,,,0
53019,'1034085',1534,,538,4,,,0
53019,'1034087',837,,539,8,,,0
53019,'1034091',834,,540,4,,,0
53019,'1034092',1004,,541,4,,,0
53019,'1034094',1434,,542,4,,,0
53019,'1034095',804,,543,4,,,0
53019,'1034100',1404,,544,4,,,0
53019,'1034102',807,,545,8,,,0
53019,'1034104',1734,,546,4,,,0
53019,'1034105',1404,,547,4,,,0
53019,'1034106',1237,,548,8,,,0
53019,'1034107',1104,,549,4,,,0
53019,'1034108',904,,550,4,,,0
53019,'1034113',1704,,551,4,,,0
53019,'1034115',1137,,552,8,,,0
53019,'1034116',1934,,553,4,,,0
53019,'1034120',1707,,554,8,,,0
53019,'1034121',834,,555,4,,,0
53019,'1034122',707,,556,8,,,0
53019,'1034123',1804,,557,4,,,0
53019,'1034124',1607,,558,8,,,0
53019,'1034126',1634,,559,4,,,0
53019,'1034127',907,,560,8,,,0
53019,'1034128',1337,,561,8,,,0
53019,'1034135',1604,,562,4,,,0
53019,'1034136',1434,,563,4,,,0
53019,'1034139',1234,,564,4,,,0
53019,'1034140',1034,,565,4,,,0
53019,'1034144',804,,566,4,,,0
53019,'1034145',1704,,567,4,,,0
53019,'1034149',1204,,568,4,,,0
53019,'1034150',1134,,569,4,,,0
53019,'1034151',1037,,570,8,,,0
53019,'1034154',1604,,571,4,,,0
53019,'1034155',1304,,572,4,,,0
53019,'1034157',2034,,573,4,,,0
53019,'1034158',1034,,574,4,,,0
53019,'1034161',1004,,575,4,,,0
53019,'1034162',1134,,576,4,,,0
53019,'1034165',1507,,577,8,,,0
53019,'1034168',1207,,578,8,,,0
53019,'1034169',2004,,579,4,,,0
53019,'1034178',1307,,580,8,,,0
53019,'1034179',1534,,581,4,,,0
53019,'1034182',1804,,582,4,,,0
53019,'1034183',934,,583,4,,,0
53019,'1034185',1234,,584,4,,,0
53019,'1034187',934,,585,4,,,0
53019,'1034190',1334,,586,4,,,0
53019,'1034192',1807,,587,8,,,0
53019,'1034193',1334,,588,4,,,0
53019,'1034194',1107,,589,8,,,0
53019,'1034195',1904,,590,4,,,0
53019,'1034196',1007,,591,8,,,0
53019,'1034198',1834,,592,4,,,0
53019,'1034199',1504,,593,4,,,0
53019,'1034200',1304,,594,4,,,0
53019,'1034202',1634,,595,4,,,0
53019,'1034204',1437,,596,8,,,0
53019,'1034205',637,,597,8,,,0
