56019,'1023995',912,,598,8,,,0
56019,'1023996',1042,,599,8,,,0
56019,'1024001',811,,600,8,,,0
56019,'1024009',1012,,601,8,,,0
56019,'1024011',1812,,602,8,,,0
56019,'1024012',1112,,603,8,,,0
56019,'1024019',1542,,604,8,,,0
56019,'1024026',1512,,605,8,,,0
56019,'1024027',1742,,606,8,,,0
56019,'1024031',1142,,607,8,,,0
56019,'1024039',1442,,608,8,,,0
56019,'1024041',642,,609,8,,,0
56019,'1024069',842,,610,8,,,0
56019,'1024071',942,,611,8,,,0
56019,'1024080',712,,612,8,,,0
56019,'1024083',1642,,613,8,,,0
56019,'1024089',1612,,614,8,,,0
56019,'1024090',1212,,615,8,,,0
56019,'1024116',1312,,616,8,,,0
56019,'1024120',1242,,617,8,,,0
56019,'1024130',1412,,618,8,,,0
56019,'1024135',1342,,619,8,,,0
56019,'1024139',1712,,620,8,,,0
56019,'1024140',742,,621,8,,,0
56019,'1031091',1742,,622,8,,,0
56019,'1031104',1342,,623,8,,,0
56019,'1031125',1542,,624,8,,,0
56019,'1031129',1242,,625,8,,,0
56019,'1031130',912,,626,8,,,0
56019,'1031138',842,,627,8,,,0
56019,'1031146',942,,628,8,,,0
56019,'1031158',1812,,629,8,,,0
56019,'1031174',1642,,630,8,,,0
56019,'1031176',1712,,631,8,,,0
56019,'1031184',1542,,632,8,,,0
56019,'1031187',912,,633,8,,,0
56019,'1031196',811,,634,8,,,0
56019,'1031201',1512,,635,8,,,0
56019,'1031204',1842,,636,8,,,0
56019,'1031209',1812,,637,8,,,0
56019,'1031212',842,,638,8,,,0
56019,'1031229',1312,,639,8,,,0
56019,'1031235',1212,,640,8,,,0
56019,'1031261',1412,,641,8,,,0
56019,'1031274',1142,,642,8,,,0
56019,'1031319',1512,,643,8,,,0
56019,'1031337',1912,,644,8,,,0
56019,'1031343',1912,,645,8,,,0
56019,'1031348',1412,,646,8,,,0
56019,'1031368',1742,,647,8,,,0
56019,'1031370',1042,,648,8,,,0
56019,'1031373',1312,,649,8,,,0
56019,'1031376',1012,,650,8,,,0
56019,'1031386',1212,,651,8,,,0
56019,'1031395',1442,,652,8,,,0
56019,'1031396',1942,,653,8,,,0
56019,'1031404',1612,,654,8,,,0
56019,'1031415',1242,,655,8,,,0
56019,'1031416',1042,,656,8,,,0
56019,'1031419',1112,,657,8,,,0
56019,'1031426',2012,,658,8,,,0
56019,'1031433',1342,,659,8,,,0
56019,'1031449',811,,660,8,,,0
56019,'1031469',1712,,661,8,,,0
56019,'1031476',1112,,662,8,,,0
56019,'1031478',1842,,663,8,,,0
56019,'1031481',1442,,664,8,,,0
56019,'1031515',2042,,665,8,,,0
56019,'1031520',1012,,666,8,,,0
56019,'1031522',1142,,667,8,,,0
56019,'1031528',1612,,668,8,,,0
56019,'1031532',942,,669,8,,,0
56019,'1031539',1642,,670,8,,,0
61019,'1023602',2202,,671,6,,,0
61019,'1023615',2032,,678,6,,,0
61019,'1023622',2132,,682,6,,,0
61019,'1023627',1832,,684,6,,,0
61019,'1023628',1902,,685,6,,,0
61019,'1023640',2002,,692,6,,,0
61019,'1023649',1932,,697,6,,,0
61019,'1023654',2102,,701,6,,,0
