61019,'1023602',2208,,671,13,,,0
61019,'1023604',1036,,672,6,,,0
61019,'1023607',1136,,673,6,,,0
61019,'1023608',1506,,674,6,,,0
61019,'1023609',1536,,675,6,,,0
61019,'1023612',738,,676,6,,,0
61019,'1023613',1336,,677,6,,,0
61019,'1023615',2038,,678,13,,,0
61019,'1023616',1606,,679,6,,,0
61019,'1023617',707,,680,6,,,0
61019,'1023618',1806,,681,6,,,0
61019,'1023622',2138,,682,13,,,0
61019,'1023625',1306,,683,6,,,0
61019,'1023627',1838,,684,13,,,0
61019,'1023628',1908,,685,13,,,0
61019,'1023629',936,,686,6,,,0
61019,'1023630',1436,,687,6,,,0
61019,'1023631',636,,688,6,,,0
61019,'1023633',1406,,689,6,,,0
61019,'1023634',1636,,690,6,,,0
61019,'1023637',838,,691,6,,,0
61019,'1023640',2008,,692,13,,,0
61019,'1023642',908,,693,6,,,0
61019,'1023643',1706,,694,6,,,0
61019,'1023646',1736,,695,6,,,0
61019,'1023647',1236,,696,6,,,0
61019,'1023649',1938,,697,13,,,0
61019,'1023650',1106,,698,6,,,0
61019,'1023651',1006,,699,6,,,0
61019,'1023653',806,,700,6,,,0
61019,'1023654',2108,,701,13,,,0
61019,'1023655',1206,,702,6,,,0
61019,'1031073',1138,,703,6,,,0
61019,'1031088',1008,,704,6,,,0
61019,'1031106',1538,,705,6,,,0
61019,'1031112',1538,,706,6,,,0
61019,'1031128',938,,707,6,,,0
61019,'1031140',1008,,708,6,,,0
61019,'1031141',1138,,709,6,,,0
61019,'1031143',1338,,710,6,,,0
61019,'1031150',1808,,711,6,,,0
61019,'1031153',1938,,712,6,,,0
61019,'1031155',1338,,713,6,,,0
61019,'1031162',1608,,714,6,,,0
61019,'1031165',1838,,715,6,,,0
61019,'1031173',1308,,716,6,,,0
61019,'1031179',1108,,717,6,,,0
61019,'1031199',1238,,718,6,,,0
61019,'1031206',1308,,719,6,,,0
61019,'1031222',1738,,720,6,,,0
61019,'1031225',908,,721,6,,,0
61019,'1031226',2008,,722,6,,,0
61019,'1031228',1838,,723,6,,,0
61019,'1031252',838,,724,6,,,0
61019,'1031258',838,,725,6,,,0
61019,'1031260',808,,726,6,,,0
61019,'1031277',1708,,727,6,,,0
61019,'1031293',1508,,728,6,,,0
61019,'1031304',1408,,729,6,,,0
61019,'1031313',1108,,730,6,,,0
61019,'1031330',1438,,731,6,,,0
61019,'1031331',2038,,732,6,,,0
61019,'1031335',808,,733,6,,,0
61019,'1031357',1408,,734,6,,,0
61019,'1031359',1808,,735,6,,,0
61019,'1031360',1908,,736,6,,,0
61019,'1031362',1038,,737,6,,,0
61019,'1031375',1508,,738,6,,,0
61019,'1031384',1638,,739,6,,,0
61019,'1031388',1208,,740,6,,,0
61019,'1031391',1908,,741,6,,,0
61019,'1031407',1738,,742,6,,,0
61019,'1031411',1208,,743,6,,,0
61019,'1031414',908,,744,6,,,0
61019,'1031435',1608,,745,6,,,0
61019,'1031457',1638,,746,6,,,0
61019,'1031462',1238,,747,6,,,0
61019,'1031483',938,,748,6,,,0
61019,'1031501',1438,,749,6,,,0
61019,'1031516',1038,,750,6,,,0
61019,'1031526',1708,,751,6,,,0
