21019,'1021456',1046,,211,4,,,0
21019,'1021471',1646,,212,4,,,0
21019,'1021474',1816,,213,4,,,0
21019,'1021550',1016,,214,4,,,0
21019,'1021570',916,,215,4,,,0
21019,'1021573',1446,,216,4,,,0
21019,'1021593',1346,,217,4,,,0
21019,'1021602',1116,,218,4,,,0
21019,'1021624',946,,219,4,,,0
21019,'1021627',746,,220,4,,,0
21019,'1021655',816,,221,4,,,0
21019,'1021727',1546,,222,4,,,0
21019,'1021738',1216,,223,4,,,0
21019,'1021744',846,,224,4,,,0
21019,'1021749',716,,225,4,,,0
21019,'1021766',1616,,226,4,,,0
21019,'1021767',1746,,227,4,,,0
21019,'1021782',1316,,228,4,,,0
21019,'1021819',1246,,229,4,,,0
21019,'1021826',1516,,230,4,,,0
21019,'1021829',1416,,231,4,,,0
21019,'1021844',646,,232,4,,,0
21019,'1021899',1146,,233,4,,,0
21019,'1021900',1716,,234,4,,,0
21019,'1026826',2116,,235,4,,,0
21019,'1026827',1916,,236,4,,,0
21019,'1026835',2146,,237,4,,,0
21019,'1026837',1846,,238,4,,,0
21019,'1026853',2016,,239,4,,,0
21019,'1026855',1946,,240,4,,,0
21019,'1026862',2216,,241,4,,,0
21019,'1026866',2046,,242,4,,,0
21019,'1031071',1816,,243,4,,,0
21019,'1031083',1446,,244,4,,,0
21019,'1031101',1816,,245,4,,,0
21019,'1031108',1646,,246,4,,,0
21019,'1031131',1716,,247,4,,,0
21019,'1031137',1846,,248,4,,,0
21019,'1031145',846,,249,4,,,0
21019,'1031147',1516,,250,4,,,0
21019,'1031161',946,,251,4,,,0
21019,'1031163',1916,,252,4,,,0
21019,'1031195',1616,,253,4,,,0
21019,'1031197',1246,,254,4,,,0
21019,'1031215',916,,255,4,,,0
21019,'1031216',846,,256,4,,,0
21019,'1031218',1516,,257,4,,,0
21019,'1031220',1946,,258,4,,,0
21019,'1031241',1216,,259,4,,,0
21019,'1031247',1646,,260,4,,,0
21019,'1031256',1346,,261,4,,,0
21019,'1031262',2016,,262,4,,,0
21019,'1031266',1846,,263,4,,,0
21019,'1031268',1246,,264,4,,,0
21019,'1031279',1146,,265,4,,,0
21019,'1031281',1016,,266,4,,,0
21019,'1031285',1046,,267,4,,,0
21019,'1031298',1746,,268,4,,,0
21019,'1031311',1716,,269,4,,,0
21019,'1031314',946,,270,4,,,0
21019,'1031315',1546,,271,4,,,0
21019,'1031328',1116,,272,4,,,0
21019,'1031332',816,,273,4,,,0
21019,'1031341',2046,,274,4,,,0
21019,'1031345',1316,,275,4,,,0
21019,'1031349',1446,,276,4,,,0
21019,'1031358',1546,,277,4,,,0
21019,'1031372',1146,,278,4,,,0
21019,'1031382',1416,,279,4,,,0
21019,'1031418',1116,,280,4,,,0
21019,'1031425',1616,,281,4,,,0
21019,'1031432',1316,,282,4,,,0
21019,'1031446',1416,,283,4,,,0
21019,'1031447',1346,,284,4,,,0
21019,'1031451',1016,,285,4,,,0
21019,'1031456',916,,286,4,,,0
21019,'1031460',816,,287,4,,,0
21019,'1031465',1046,,288,4,,,0
21019,'1031508',1746,,289,4,,,0
21019,'1031525',1216,,290,4,,,0
