31029,'1023499',1422,,469,12,0,5 6,0
31029,'1023506',1522,,470,12,0,5 6,0
31029,'1023507',1222,,471,12,0,5 6,0
31029,'1023508',952,,472,12,0,5 6,0
31029,'1023509',752,,473,12,0,5 6,0
31029,'1023511',1452,,474,12,0,5 6,0
31029,'1023513',653,,475,12,0,5 6,0
31029,'1023518',1623,,476,12,0,5 6,0
31029,'1023526',1253,,477,12,0,5 6,0
31029,'1023527',1753,,478,12,0,5 6,0
31029,'1023529',1023,,479,12,0,5 6,0
31029,'1023539',922,,480,12,0,5 6,0
31029,'1023541',852,,481,12,0,5 6,0
31029,'1023542',1322,,482,12,0,5 6,0
31029,'1023546',1123,,483,12,0,5 6,0
31029,'1023552',1723,,484,12,0,5 6,0
31029,'1023556',1823,,485,12,0,5 6,0
31029,'1023557',1552,,486,12,0,5 6,0
31029,'1023564',1153,,487,12,0,5 6,0
31029,'1023565',1053,,488,12,0,5 6,0
31029,'1023567',822,,489,12,0,5 6,0
31029,'1023576',1652,,490,12,0,5 6,0
31029,'1023582',722,,491,12,0,5 6,0
31029,'1023584',1352,,492,12,0,5 6,0
