30019,'1022006',1906,,341,27,,,0
30019,'1022019',2006,,342,27,,,0
30019,'1022024',1936,,343,27,,,0
30019,'1022033',2106,,344,27,,,0
30019,'1022037',2206,,345,27,,,0
30019,'1022062',2236,,346,27,,,0
30019,'1022075',2036,,347,27,,,0
30019,'1022083',2136,,348,27,,,0
30019,'1031079',1107,,350,13,,,0
30019,'1031081',837,,351,13,,,0
30019,'1031086',1007,,354,13,,,0
30019,'1031094',1337,,355,13,,,0
30019,'1031133',1807,,359,13,,,0
30019,'1031208',1907,,364,13,,,0
30019,'1031244',1737,,366,13,,,0
30019,'1031280',2037,,370,13,,,0
30019,'1031287',1707,,371,13,,,0
30019,'1031295',1207,,373,13,,,0
30019,'1031299',1537,,375,13,,,0
30019,'1031305',1937,,376,13,,,0
30019,'1031308',2007,,378,13,,,0
30019,'1031322',1837,,379,13,,,0
30019,'1031351',1037,,382,13,,,0
30019,'1031405',1507,,385,13,,,0
30019,'1031453',1437,,387,13,,,0
30019,'1031454',937,,388,13,,,0
30019,'1031463',1407,,389,13,,,0
30019,'1031464',907,,390,13,,,0
30019,'1031484',2107,,392,13,,,0
30019,'1031490',1637,,393,13,,,0
30019,'1031521',1237,,396,13,,,0
30019,'1031523',1137,,397,13,,,0
30019,'1031531',1607,,399,13,,,0
30019,'1031535',1307,,400,13,,,0
30019,'1031760',1337,,403,13,,,0
30019,'1031761',1007,,404,13,,,0
30019,'1031764',1737,,407,13,,,0
30019,'1031766',937,,409,13,,,0
30019,'1031767',1637,,410,13,,,0
30019,'1031769',1807,,412,13,,,0
30019,'1031770',1537,,413,13,,,0
30019,'1031772',1707,,415,13,,,0
30019,'1031774',907,,417,13,,,0
30019,'1031784',837,,427,13,,,0
30019,'1031785',1607,,428,13,,,0
30019,'1031787',1037,,430,13,,,0
30019,'1031788',1137,,431,13,,,0
30019,'1031789',1207,,432,13,,,0
30019,'1031791',1237,,434,13,,,0
30019,'1031792',1907,,435,13,,,0
30019,'1031793',1107,,436,13,,,0
30019,'1031797',1407,,440,13,,,0
30019,'1031798',1837,,441,13,,,0
30019,'1031799',1437,,442,13,,,0
30019,'1031800',1307,,443,13,,,0
30019,'1031801',1507,,444,13,,,0
31019,'1023497',937,,445,9,0,5 6,0
31019,'1023498',1607,,446,9,0,5 6,0
31019,'1023502',1807,,447,9,0,5 6,0
31019,'1023504',1107,,448,9,0,5 6,0
31019,'1023514',1507,,449,9,0,5 6,0
31019,'1023515',837,,450,9,0,5 6,0
31019,'1023516',1337,,451,9,0,5 6,0
31019,'1023523',1437,,452,9,0,5 6,0
31019,'1023524',707,,453,9,0,5 6,0
31019,'1023532',1307,,454,9,0,5 6,0
31019,'1023535',1737,,455,9,0,5 6,0
31019,'1023540',1207,,456,9,0,5 6,0
31019,'1023543',1837,,457,9,0,5 6,0
31019,'1023553',1137,,458,9,0,5 6,0
31019,'1023555',1537,,459,9,0,5 6,0
31019,'1023561',1707,,460,9,0,5 6,0
31019,'1023562',1037,,461,9,0,5 6,0
31019,'1023568',1005,,462,9,0,5 6,0
31019,'1023572',1407,,463,9,0,5 6,0
31019,'1023574',907,,464,9,0,5 6,0
31019,'1023581',1237,,465,9,0,5 6,0
31019,'1023583',807,,466,9,0,5 6,0
31019,'1023586',737,,467,9,0,5 6,0
31019,'1023590',1637,,468,9,0,5 6,0
46019,'1024244',1338,,493,23,,,0
46019,'1024245',838,,494,23,,,0
46019,'1024250',1208,,495,23,,,0
46019,'1024253',1608,,496,23,,,0
46019,'1024263',738,,497,23,,,0
46019,'1024264',1238,,498,23,,,0
46019,'1024266',808,,499,23,,,0
46019,'1024267',1438,,500,23,,,0
46019,'1024268',1638,,501,23,,,0
46019,'1024271',1508,,502,23,,,0
46019,'1024278',1708,,503,23,,,0
46019,'1024282',1138,,504,23,,,0
46019,'1024288',938,,505,23,,,0
46019,'1024289',1738,,506,23,,,0
46019,'1024295',1008,,507,23,,,0
46019,'1024296',1808,,508,23,,,0
46019,'1024297',1838,,509,23,,,0
46019,'1024300',1308,,510,23,,,0
46019,'1024301',908,,511,23,,,0
46019,'1024303',1538,,512,23,,,0
46019,'1024304',1108,,513,23,,,0
46019,'1024309',1408,,514,23,,,0
46019,'1024310',708,,515,23,,,0
46019,'1024312',1038,,516,23,,,0
