22019,'1022997',717,,291,6,,,0
22019,'1023022',747,,292,6,,,0
22019,'1023024',817,,293,6,,,0
22019,'1023029',647,,294,6,,,0
22019,'1031072',1647,,295,6,,,0
22019,'1031092',1747,,296,6,,,0
22019,'1031115',847,,297,6,,,0
22019,'1031118',1547,,298,6,,,0
22019,'1031144',1617,,299,6,,,0
22019,'1031148',1817,,300,6,,,0
22019,'1031154',1917,,301,6,,,0
22019,'1031183',1047,,302,6,,,0
22019,'1031207',1347,,303,6,,,0
22019,'1031214',917,,304,6,,,0
22019,'1031231',2017,,305,6,,,0
22019,'1031242',1847,,306,6,,,0
22019,'1031254',1117,,307,6,,,0
22019,'1031263',947,,308,6,,,0
22019,'1031347',817,,309,6,,,0
22019,'1031350',1717,,310,6,,,0
22019,'1031371',1417,,311,6,,,0
22019,'1031380',1317,,312,6,,,0
22019,'1031420',1217,,313,6,,,0
22019,'1031434',1247,,314,6,,,0
22019,'1031438',1947,,315,6,,,0
22019,'1031492',1017,,316,6,,,0
22019,'1031495',2046,,317,6,,,0
22019,'1031502',1147,,318,6,,,0
22019,'1031527',1517,,319,6,,,0
22019,'1031542',1447,,320,6,,,0
22019,'1032755',1547,,321,6,,,0
22019,'1032756',1817,,322,6,,,0
22019,'1032773',1647,,323,6,,,0
22019,'1032797',1247,,324,6,,,0
22019,'1032815',1047,,325,6,,,0
22019,'1032835',1447,,326,6,,,0
22019,'1032845',917,,327,6,,,0
22019,'1032853',1217,,328,6,,,0
22019,'1032859',1117,,329,6,,,0
22019,'1032863',1747,,330,6,,,0
22019,'1032864',1617,,331,6,,,0
22019,'1032879',1017,,332,6,,,0
22019,'1032880',1317,,333,6,,,0
22019,'1032886',1147,,334,6,,,0
22019,'1032888',1347,,335,6,,,0
22019,'1032891',1717,,336,6,,,0
22019,'1032902',847,,337,6,,,0
22019,'1032903',947,,338,6,,,0
22019,'1032927',1417,,339,6,,,0
22019,'1032931',1517,,340,6,,,0
