11019,'1032754',1416,,81,3,,,0
11019,'1032757',846,,82,3,,,0
11019,'1032758',1316,,83,3,,,0
11019,'1032760',2216,,84,3,,,0
11019,'1032761',2046,,85,3,,,0
11019,'1032765',1746,,86,3,,,0
11019,'1032766',1516,,87,3,,,0
11019,'1032768',1516,,88,3,,,0
11019,'1032771',2016,,89,3,,,0
11019,'1032772',1346,,90,3,,,0
11019,'1032774',846,,91,3,,,0
11019,'1032775',946,,92,3,,,0
11019,'1032776',1816,,93,3,,,0
11019,'1032777',1116,,94,3,,,0
11019,'1032779',1716,,95,3,,,0
11019,'1032780',1446,,96,3,,,0
11019,'1032781',1616,,97,3,,,0
11019,'1032784',1216,,98,3,,,0
11019,'1032785',1816,,99,3,,,0
11019,'1032787',1546,,100,3,,,0
11019,'1032795',1346,,101,3,,,0
11019,'1032796',1146,,102,3,,,0
11019,'1032798',1446,,103,3,,,0
11019,'1032801',1316,,104,3,,,0
11019,'1032803',1016,,105,3,,,0
11019,'1032804',1246,,106,3,,,0
11019,'1032807',1746,,107,3,,,0
11019,'1032809',1946,,108,3,,,0
11019,'1032810',1416,,109,3,,,0
11019,'1032814',1546,,110,3,,,0
11019,'1032816',1946,,111,3,,,0
11019,'1032817',1916,,112,3,,,0
11019,'1032820',846,,113,3,,,0
11019,'1032821',1216,,114,3,,,0
11019,'1032822',916,,115,3,,,0
11019,'1032823',946,,116,3,,,0
11019,'1032824',1016,,117,3,,,0
11019,'1032826',1646,,118,3,,,0
11019,'1032827',1046,,119,3,,,0
11019,'1032828',746,,120,3,,,0
11019,'1032831',1316,,121,3,,,0
11019,'1032834',1016,,122,3,,,0
11019,'1032838',2046,,123,3,,,0
11019,'1032839',1746,,124,3,,,0
11019,'1032841',1916,,125,3,,,0
11019,'1032846',716,,126,3,,,0
11019,'1032848',1846,,127,3,,,0
11019,'1032850',1546,,128,3,,,0
11019,'1032857',1816,,129,3,,,0
11019,'1032858',2016,,130,3,,,0
11019,'1032860',1046,,131,3,,,0
11019,'1032862',1846,,132,3,,,0
11019,'1032865',816,,133,3,,,0
11019,'1032866',916,,134,3,,,0
11019,'1032867',1616,,135,3,,,0
11019,'1032871',1646,,136,3,,,0
11019,'1032872',1416,,137,3,,,0
11019,'1032875',1116,,138,3,,,0
11019,'1032876',1116,,139,3,,,0
11019,'1032881',1846,,140,3,,,0
11019,'1032882',916,,141,3,,,0
11019,'1032883',2116,,142,3,,,0
11019,'1032885',1716,,143,3,,,0
11019,'1032887',1716,,144,3,,,0
11019,'1032890',1616,,145,3,,,0
11019,'1032892',946,,146,3,,,0
11019,'1032894',1246,,147,3,,,0
11019,'1032896',1046,,148,3,,,0
11019,'1032901',1146,,149,3,,,0
11019,'1032904',2146,,150,3,,,0
11019,'1032906',1246,,151,3,,,0
11019,'1032908',816,,152,3,,,0
11019,'1032909',816,,153,3,,,0
11019,'1032911',1346,,154,3,,,0
11019,'1032913',646,,155,3,,,0
11019,'1032917',1216,,156,3,,,0
11019,'1032919',1516,,157,3,,,0
11019,'1032926',1446,,158,3,,,0
11019,'1032928',1146,,159,3,,,0
11019,'1032930',1646,,160,3,,,0
