11019,'1032754',1430,2,81,11,,,0
11019,'1032757',900,42,82,11,,,0
11019,'1032758',1330,2,83,11,,,0
11019,'1032760',2230,2,84,11,,,0
11019,'1032761',2100,42,85,11,,,0
11019,'1032765',1800,42,86,11,,,0
11019,'1032766',1530,2,87,11,,,0
11019,'1032768',1530,2,88,11,,,0
11019,'1032771',2030,2,89,11,,,0
11019,'1032772',1400,42,90,11,,,0
11019,'1032774',900,42,91,11,,,0
11019,'1032775',1000,42,92,11,,,0
11019,'1032776',1830,2,93,11,,,0
11019,'1032777',1130,2,94,11,,,0
11019,'1032779',1730,2,95,11,,,0
11019,'1032780',1500,42,96,11,,,0
11019,'1032781',1630,2,97,11,,,0
11019,'1032784',1230,2,98,11,,,0
11019,'1032785',1830,2,99,11,,,0
11019,'1032787',1600,42,100,11,,,0
11019,'1032795',1400,42,101,11,,,0
11019,'1032796',1200,42,102,11,,,0
11019,'1032798',1500,42,103,11,,,0
11019,'1032801',1330,2,104,11,,,0
11019,'1032803',1030,2,105,11,,,0
11019,'1032804',1300,42,106,11,,,0
11019,'1032807',1800,42,107,11,,,0
11019,'1032809',2000,42,108,11,,,0
11019,'1032810',1430,2,109,11,,,0
11019,'1032814',1600,42,110,11,,,0
11019,'1032816',2000,42,111,11,,,0
11019,'1032817',1930,2,112,11,,,0
11019,'1032820',900,42,113,11,,,0
11019,'1032821',1230,2,114,11,,,0
11019,'1032822',930,2,115,11,,,0
11019,'1032823',1000,42,116,11,,,0
11019,'1032824',1030,2,117,11,,,0
11019,'1032826',1700,42,118,11,,,0
11019,'1032827',1100,42,119,11,,,0
11019,'1032828',800,42,120,11,,,0
11019,'1032831',1330,2,121,11,,,0
11019,'1032834',1030,2,122,11,,,0
11019,'1032838',2100,42,123,11,,,0
11019,'1032839',1800,42,124,11,,,0
11019,'1032841',1930,2,125,11,,,0
11019,'1032846',730,2,126,11,,,0
11019,'1032848',1900,42,127,11,,,0
11019,'1032850',1600,42,128,11,,,0
11019,'1032857',1830,2,129,11,,,0
11019,'1032858',2030,2,130,11,,,0
11019,'1032860',1100,42,131,11,,,0
11019,'1032862',1900,42,132,11,,,0
11019,'1032865',830,2,133,11,,,0
11019,'1032866',930,2,134,11,,,0
11019,'1032867',1630,2,135,11,,,0
11019,'1032871',1700,42,136,11,,,0
11019,'1032872',1430,2,137,11,,,0
11019,'1032875',1130,2,138,11,,,0
11019,'1032876',1130,2,139,11,,,0
11019,'1032881',1900,42,140,11,,,0
11019,'1032882',930,2,141,11,,,0
11019,'1032883',2130,2,142,11,,,0
11019,'1032885',1730,2,143,11,,,0
11019,'1032887',1730,2,144,11,,,0
11019,'1032890',1630,2,145,11,,,0
11019,'1032892',1000,42,146,11,,,0
11019,'1032894',1300,42,147,11,,,0
11019,'1032896',1100,42,148,11,,,0
11019,'1032901',1200,42,149,11,,,0
11019,'1032904',2200,42,150,11,,,0
11019,'1032906',1300,42,151,11,,,0
11019,'1032908',825,,152,11,,,0
11019,'1032909',830,2,153,11,,,0
11019,'1032911',1400,42,154,11,,,0
11019,'1032913',700,42,155,11,,,0
11019,'1032917',1230,2,156,11,,,0
11019,'1032919',1530,2,157,11,,,0
11019,'1032926',1500,42,158,11,,,0
11019,'1032928',1200,42,159,11,,,0
11019,'1032930',1700,42,160,11,,,0
