46019,'1024244',1336,,493,21,,,0
46019,'1024245',836,,494,21,,,0
46019,'1024250',1206,,495,21,,,0
46019,'1024253',1606,,496,21,,,0
46019,'1024263',736,,497,21,,,0
46019,'1024264',1236,,498,21,,,0
46019,'1024266',806,,499,21,,,0
46019,'1024267',1436,,500,21,,,0
46019,'1024268',1636,,501,21,,,0
46019,'1024271',1506,,502,21,,,0
46019,'1024278',1706,,503,21,,,0
46019,'1024282',1136,,504,21,,,0
46019,'1024288',936,,505,21,,,0
46019,'1024289',1736,,506,21,,,0
46019,'1024295',1006,,507,21,,,0
46019,'1024296',1806,,508,21,,,0
46019,'1024297',1836,,509,21,,,0
46019,'1024300',1306,,510,21,,,0
46019,'1024301',906,,511,21,,,0
46019,'1024303',1536,,512,21,,,0
46019,'1024304',1106,,513,21,,,0
46019,'1024309',1406,,514,21,,,0
46019,'1024310',706,,515,21,,,0
46019,'1024312',1036,,516,21,,,0
