30019,'1022006',1901,,341,18,,,0
30019,'1022019',2001,,342,18,,,0
30019,'1022024',1931,,343,18,,,0
30019,'1022033',2101,,344,18,,,0
30019,'1022037',2201,,345,18,,,0
30019,'1022062',2231,,346,18,,,0
30019,'1022075',2031,,347,18,,,0
30019,'1022083',2131,,348,18,,,0
30019,'1031079',1101,,350,4,,,0
30019,'1031081',831,,351,4,,,0
30019,'1031086',1001,,354,4,,,0
30019,'1031094',1331,,355,4,,,0
30019,'1031133',1801,,359,4,,,0
30019,'1031208',1901,,364,4,,,0
30019,'1031244',1731,,366,4,,,0
30019,'1031280',2031,,370,4,,,0
30019,'1031287',1701,,371,4,,,0
30019,'1031295',1201,,373,4,,,0
30019,'1031299',1531,,375,4,,,0
30019,'1031305',1931,,376,4,,,0
30019,'1031308',2001,,378,4,,,0
30019,'1031322',1831,,379,4,,,0
30019,'1031351',1031,,382,4,,,0
30019,'1031405',1501,,385,4,,,0
30019,'1031453',1431,,387,4,,,0
30019,'1031454',931,,388,4,,,0
30019,'1031463',1401,,389,4,,,0
30019,'1031464',901,,390,4,,,0
30019,'1031484',2101,,392,4,,,0
30019,'1031490',1631,,393,4,,,0
30019,'1031521',1231,,396,4,,,0
30019,'1031523',1131,,397,4,,,0
30019,'1031531',1601,,399,4,,,0
30019,'1031535',1301,,400,4,,,0
30019,'1031760',1331,,403,4,,,0
30019,'1031761',1001,,404,4,,,0
30019,'1031764',1731,,407,4,,,0
30019,'1031766',931,,409,4,,,0
30019,'1031767',1631,,410,4,,,0
30019,'1031769',1801,,412,4,,,0
30019,'1031770',1531,,413,4,,,0
30019,'1031772',1701,,415,4,,,0
30019,'1031774',901,,417,4,,,0
30019,'1031784',831,,427,4,,,0
30019,'1031785',1601,,428,4,,,0
30019,'1031787',1031,,430,4,,,0
30019,'1031788',1131,,431,4,,,0
30019,'1031789',1201,,432,4,,,0
30019,'1031791',1231,,434,4,,,0
30019,'1031792',1901,,435,4,,,0
30019,'1031793',1101,,436,4,,,0
30019,'1031797',1401,,440,4,,,0
30019,'1031798',1831,,441,4,,,0
30019,'1031799',1431,,442,4,,,0
30019,'1031800',1301,,443,4,,,0
30019,'1031801',1501,,444,4,,,0
31019,'1023497',935,2,445,4,0,5 6,0
31019,'1023498',1605,2,446,4,0,5 6,0
31019,'1023502',1805,2,447,4,0,5 6,0
31019,'1023504',1105,2,448,4,0,5 6,0
31019,'1023514',1505,2,449,4,0,5 6,0
31019,'1023515',835,2,450,4,0,5 6,0
31019,'1023516',1335,2,451,4,0,5 6,0
31019,'1023523',1435,2,452,4,0,5 6,0
31019,'1023524',705,2,453,4,0,5 6,0
31019,'1023532',1305,2,454,4,0,5 6,0
31019,'1023535',1735,2,455,4,0,5 6,0
31019,'1023540',1205,2,456,4,0,5 6,0
31019,'1023543',1835,2,457,4,0,5 6,0
31019,'1023553',1135,2,458,4,0,5 6,0
31019,'1023555',1535,2,459,4,0,5 6,0
31019,'1023561',1705,2,460,4,0,5 6,0
31019,'1023562',1035,2,461,4,0,5 6,0
31019,'1023568',1005,2,462,4,0,5 6,0
31019,'1023572',1405,2,463,4,0,5 6,0
31019,'1023574',905,2,464,4,0,5 6,0
31019,'1023581',1235,2,465,4,0,5 6,0
31019,'1023583',805,2,466,4,0,5 6,0
31019,'1023586',735,2,467,4,0,5 6,0
31019,'1023590',1635,2,468,4,0,5 6,0
