20019,'1026880',1246,,161,2,,,0
20019,'1026881',1516,,162,2,,,0
20019,'1026885',1746,,163,2,,,0
20019,'1026887',1046,,164,2,,,0
20019,'1026888',1446,,165,2,,,0
20019,'1026889',846,,166,2,,,0
20019,'1026891',1616,,167,2,,,0
20019,'1026892',716,,168,2,,,0
20019,'1026899',1146,,169,2,,,0
20019,'1026900',1546,,170,2,,,0
20019,'1026901',1816,,171,2,,,0
20019,'1026903',916,,172,2,,,0
20019,'1026905',1116,,173,2,,,0
20019,'1026906',1216,,174,2,,,0
20019,'1026907',946,,175,2,,,0
20019,'1026909',1716,,176,2,,,0
20019,'1026911',646,,177,2,,,0
20019,'1026912',1646,,178,2,,,0
20019,'1026914',1346,,179,2,,,0
20019,'1026915',746,,180,2,,,0
20019,'1026918',816,,181,2,,,0
20019,'1026919',1416,,182,2,,,0
20019,'1026921',1316,,183,2,,,0
20019,'1026922',1016,,184,2,,,0
20019,'1031076',1146,,185,2,,,0
20019,'1031114',846,,186,2,,,0
20019,'1031117',1646,,187,2,,,0
20019,'1031123',1446,,188,2,,,0
20019,'1031134',1616,,189,2,,,0
20019,'1031180',1416,,190,2,,,0
20019,'1031230',946,,191,2,,,0
20019,'1031240',1746,,192,2,,,0
20019,'1031246',1246,,193,2,,,0
20019,'1031248',1946,,194,2,,,0
20019,'1031270',1216,,195,2,,,0
20019,'1031271',1716,,196,2,,,0
20019,'1031273',1346,,197,2,,,0
20019,'1031309',1116,,198,2,,,0
20019,'1031316',2016,,199,2,,,0
20019,'1031367',916,,200,2,,,0
20019,'1031377',1816,,201,2,,,0
20019,'1031397',1916,,202,2,,,0
20019,'1031410',2046,,203,2,,,0
20019,'1031412',1516,,204,2,,,0
20019,'1031441',1846,,205,2,,,0
20019,'1031442',1316,,206,2,,,0
20019,'1031468',816,,207,2,,,0
20019,'1031488',1546,,208,2,,,0
20019,'1031519',1016,,209,2,,,0
20019,'1031541',1046,,210,2,,,0
