11019,'1032754',1433,,81,16,,,0
11019,'1032757',904,,82,16,,,0
11019,'1032758',1334,,83,16,,,0
11019,'1032760',2234,,84,16,,,0
11019,'1032761',2104,,85,16,,,0
11019,'1032765',1804,,86,16,,,0
11019,'1032766',1533,,87,16,,,0
11019,'1032768',1534,,88,16,,,0
11019,'1032771',2034,,89,16,,,0
11019,'1032772',1404,,90,16,,,0
11019,'1032774',903,,91,16,,,0
11019,'1032775',1004,,92,16,,,0
11019,'1032776',1833,,93,16,,,0
11019,'1032777',1134,,94,16,,,0
11019,'1032779',1734,,95,16,,,0
11019,'1032780',1504,,96,16,,,0
11019,'1032781',1634,,97,16,,,0
11019,'1032784',1234,,98,16,,,0
11019,'1032785',1834,,99,16,,,0
11019,'1032787',1604,,100,16,,,0
11019,'1032795',1403,,101,16,,,0
11019,'1032796',1204,,102,16,,,0
11019,'1032798',1503,,103,16,,,0
11019,'1032801',1333,,104,16,,,0
11019,'1032803',1033,,105,16,,,0
11019,'1032804',1304,,106,16,,,0
11019,'1032807',1804,,107,16,,,0
11019,'1032809',2004,,108,16,,,0
11019,'1032810',1434,,109,16,,,0
11019,'1032814',1604,,110,16,,,0
11019,'1032816',2004,,111,16,,,0
11019,'1032817',1934,,112,16,,,0
11019,'1032820',904,,113,16,,,0
11019,'1032821',1234,,114,16,,,0
11019,'1032822',933,,115,16,,,0
11019,'1032823',1003,,116,16,,,0
11019,'1032824',1034,,117,16,,,0
11019,'1032826',1704,,118,16,,,0
11019,'1032827',1103,,119,16,,,0
11019,'1032828',804,,120,16,,,0
11019,'1032831',1334,,121,16,,,0
11019,'1032834',1034,,122,16,,,0
11019,'1032838',2104,,123,16,,,0
11019,'1032839',1803,,124,16,,,0
11019,'1032841',1934,,125,16,,,0
11019,'1032846',734,,126,16,,,0
11019,'1032848',1900,,127,16,,,0
11019,'1032850',1603,,128,16,,,0
11019,'1032857',1834,,129,16,,,0
11019,'1032858',2034,,130,16,,,0
11019,'1032860',1104,,131,16,,,0
11019,'1032862',1900,,132,16,,,0
11019,'1032865',834,,133,16,,,0
11019,'1032866',934,,134,16,,,0
11019,'1032867',1634,,135,16,,,0
11019,'1032871',1704,,136,16,,,0
11019,'1032872',1434,,137,16,,,0
11019,'1032875',1133,,138,16,,,0
11019,'1032876',1134,,139,16,,,0
11019,'1032881',1903,,140,16,,,0
11019,'1032882',934,,141,16,,,0
11019,'1032883',2134,,142,16,,,0
11019,'1032885',1733,,143,16,,,0
11019,'1032887',1734,,144,16,,,0
11019,'1032890',1633,,145,16,,,0
11019,'1032892',1004,,146,16,,,0
11019,'1032894',1303,,147,16,,,0
11019,'1032896',1104,,148,16,,,0
11019,'1032901',1203,,149,16,,,0
11019,'1032904',2204,,150,16,,,0
11019,'1032906',1304,,151,16,,,0
11019,'1032908',831,,152,16,,,0
11019,'1032909',834,,153,16,,,0
11019,'1032911',1404,,154,16,,,0
11019,'1032913',704,,155,16,,,0
11019,'1032917',1233,,156,16,,,0
11019,'1032919',1534,,157,16,,,0
11019,'1032926',1504,,158,16,,,0
11019,'1032928',1204,,159,16,,,0
11019,'1032930',1703,,160,16,,,0
