10019,'1034055',1657,,1,14,,,0
10019,'1034056',1857,,2,14,,,0
10019,'1034058',1757,,3,14,,,0
10019,'1034059',727,,4,14,,,0
10019,'1034062',1527,,5,14,,,0
10019,'1034063',1357,,6,14,,,0
10019,'1034066',1227,,7,14,,,0
10019,'1034067',2057,,8,14,,,0
10019,'1034068',1957,,9,14,,,0
10019,'1034071',1257,,10,14,,,0
10019,'1034073',1827,,11,14,,,0
10019,'1034075',2157,,12,14,,,0
10019,'1034076',927,,13,14,,,0
10019,'1034078',1557,,14,14,,,0
10019,'1034080',957,,15,14,,,0
10019,'1034081',2127,,16,14,,,0
10019,'1034084',1857,,17,14,,,0
10019,'1034086',1857,,18,14,,,0
10019,'1034088',1757,,19,14,,,0
10019,'1034089',1027,,20,14,,,0
10019,'1034090',1527,,21,14,,,0
10019,'1034093',2027,,22,14,,,0
10019,'1034096',1757,,23,14,,,0
10019,'1034097',957,,24,14,,,0
10019,'1034098',1727,,25,14,,,0
10019,'1034099',857,,26,14,,,0
10019,'1034101',1427,,27,14,,,0
10019,'1034103',1257,,28,14,,,0
10019,'1034109',2227,,29,14,,,0
10019,'1034110',1027,,30,14,,,0
10019,'1034111',1727,,31,14,,,0
10019,'1034112',1827,,32,14,,,0
10019,'1034114',1457,,33,14,,,0
10019,'1034117',1157,,34,14,,,0
10019,'1034118',1427,,35,14,,,0
10019,'1034119',1527,,36,14,,,0
10019,'1034125',1127,,37,14,,,0
10019,'1034129',857,,38,14,,,0
10019,'1034130',1027,,39,14,,,0
10019,'1034131',1327,,40,14,,,0
10019,'1034132',1427,,41,14,,,0
10019,'1034133',1157,,42,14,,,0
10019,'1034134',1657,,43,14,,,0
10019,'1034137',1627,,44,14,,,0
10019,'1034138',1057,,45,14,,,0
10019,'1034141',1227,,46,14,,,0
10019,'1034142',1227,,47,14,,,0
10019,'1034143',927,,48,14,,,0
10019,'1034146',1357,,49,14,,,0
10019,'1034147',1457,,50,14,,,0
10019,'1034148',1127,,51,14,,,0
10019,'1034152',1957,,52,14,,,0
10019,'1034153',1927,,53,14,,,0
10019,'1034156',827,,54,14,,,0
10019,'1034159',1627,,55,14,,,0
10019,'1034160',827,,56,14,,,0
10019,'1034163',1557,,57,14,,,0
10019,'1034164',1727,,58,14,,,0
10019,'1034166',1827,,59,14,,,0
10019,'1034167',1627,,60,14,,,0
10019,'1034170',1327,,61,14,,,0
10019,'1034171',757,,62,14,,,0
10019,'1034172',1657,,63,14,,,0
10019,'1034173',927,,64,14,,,0
10019,'1034174',1557,,65,14,,,0
10019,'1034175',1327,,66,14,,,0
10019,'1034176',827,,67,14,,,0
10019,'1034177',1157,,68,14,,,0
10019,'1034180',2057,,69,14,,,0
10019,'1034181',1257,,70,14,,,0
10019,'1034184',957,,71,14,,,0
10019,'1034186',2027,,72,14,,,0
10019,'1034188',1127,,73,14,,,0
10019,'1034189',1357,,74,14,,,0
10019,'1034191',1457,,75,14,,,0
10019,'1034197',1057,,76,14,,,0
10019,'1034201',1057,,77,14,,,0
10019,'1034203',657,,78,14,,,0
10019,'1034206',857,,79,14,,,0
10019,'1034207',1927,,80,14,,,0
