10019,'1034055',1647,,1,4,,,0
10019,'1034056',1847,,2,4,,,0
10019,'1034058',1747,,3,4,,,0
10019,'1034059',717,,4,4,,,0
10019,'1034062',1517,,5,4,,,0
10019,'1034063',1347,,6,4,,,0
10019,'1034066',1217,,7,4,,,0
10019,'1034067',2047,,8,4,,,0
10019,'1034068',1947,,9,4,,,0
10019,'1034071',1247,,10,4,,,0
10019,'1034073',1817,,11,4,,,0
10019,'1034075',2147,,12,4,,,0
10019,'1034076',917,,13,4,,,0
10019,'1034078',1547,,14,4,,,0
10019,'1034080',947,,15,4,,,0
10019,'1034081',2117,,16,4,,,0
10019,'1034084',1847,,17,4,,,0
10019,'1034086',1847,,18,4,,,0
10019,'1034088',1747,,19,4,,,0
10019,'1034089',1017,,20,4,,,0
10019,'1034090',1517,,21,4,,,0
10019,'1034093',2017,,22,4,,,0
10019,'1034096',1747,,23,4,,,0
10019,'1034097',947,,24,4,,,0
10019,'1034098',1717,,25,4,,,0
10019,'1034099',847,,26,4,,,0
10019,'1034101',1417,,27,4,,,0
10019,'1034103',1247,,28,4,,,0
10019,'1034109',2217,,29,4,,,0
10019,'1034110',1017,,30,4,,,0
10019,'1034111',1717,,31,4,,,0
10019,'1034112',1817,,32,4,,,0
10019,'1034114',1447,,33,4,,,0
10019,'1034117',1147,,34,4,,,0
10019,'1034118',1417,,35,4,,,0
10019,'1034119',1517,,36,4,,,0
10019,'1034125',1117,,37,4,,,0
10019,'1034129',847,,38,4,,,0
10019,'1034130',1017,,39,4,,,0
10019,'1034131',1317,,40,4,,,0
10019,'1034132',1417,,41,4,,,0
10019,'1034133',1147,,42,4,,,0
10019,'1034134',1647,,43,4,,,0
10019,'1034137',1617,,44,4,,,0
10019,'1034138',1047,,45,4,,,0
10019,'1034141',1217,,46,4,,,0
10019,'1034142',1217,,47,4,,,0
10019,'1034143',917,,48,4,,,0
10019,'1034146',1347,,49,4,,,0
10019,'1034147',1447,,50,4,,,0
10019,'1034148',1117,,51,4,,,0
10019,'1034152',1947,,52,4,,,0
10019,'1034153',1917,,53,4,,,0
10019,'1034156',817,,54,4,,,0
10019,'1034159',1617,,55,4,,,0
10019,'1034160',817,,56,4,,,0
10019,'1034163',1547,,57,4,,,0
10019,'1034164',1717,,58,4,,,0
10019,'1034166',1817,,59,4,,,0
10019,'1034167',1617,,60,4,,,0
10019,'1034170',1317,,61,4,,,0
10019,'1034171',747,,62,4,,,0
10019,'1034172',1647,,63,4,,,0
10019,'1034173',917,,64,4,,,0
10019,'1034174',1547,,65,4,,,0
10019,'1034175',1317,,66,4,,,0
10019,'1034176',817,,67,4,,,0
10019,'1034177',1147,,68,4,,,0
10019,'1034180',2047,,69,4,,,0
10019,'1034181',1247,,70,4,,,0
10019,'1034184',947,,71,4,,,0
10019,'1034186',2017,,72,4,,,0
10019,'1034188',1117,,73,4,,,0
10019,'1034189',1347,,74,4,,,0
10019,'1034191',1447,,75,4,,,0
10019,'1034197',1047,,76,4,,,0
10019,'1034201',1047,,77,4,,,0
10019,'1034203',647,,78,4,,,0
10019,'1034206',847,,79,4,,,0
10019,'1034207',1917,,80,4,,,0
