22019,'1022997',732,,291,17,,,0
22019,'1023022',802,,292,17,,,0
22019,'1023024',832,,293,17,,,0
22019,'1023029',702,,294,17,,,0
22019,'1032755',1602,,321,17,,,0
22019,'1032756',1832,,322,17,,,0
22019,'1032773',1702,,323,17,,,0
22019,'1032797',1302,,324,17,,,0
22019,'1032815',1102,,325,17,,,0
22019,'1032835',1502,,326,17,,,0
22019,'1032845',932,,327,17,,,0
22019,'1032853',1232,,328,17,,,0
22019,'1032859',1132,,329,17,,,0
22019,'1032863',1802,,330,17,,,0
22019,'1032864',1632,,331,17,,,0
22019,'1032879',1032,,332,17,,,0
22019,'1032880',1332,,333,17,,,0
22019,'1032886',1202,,334,17,,,0
22019,'1032888',1402,,335,17,,,0
22019,'1032891',1732,,336,17,,,0
22019,'1032902',902,,337,17,,,0
22019,'1032903',1002,,338,17,,,0
22019,'1032927',1432,,339,17,,,0
22019,'1032931',1532,,340,17,,,0
