53019,'1024242',1916,,517,17,,,0
53019,'1024246',2046,,518,17,,,0
53019,'1024254',2116,,519,17,,,0
53019,'1024269',2016,,520,17,,,0
53019,'1024272',2146,,521,17,,,0
53019,'1024279',2216,,522,17,,,0
53019,'1024280',1846,,523,17,,,0
53019,'1024313',1946,,524,17,,,0
53019,'1034057',1916,,525,14,,,0
53019,'1034060',746,,526,18,,,0
53019,'1034061',916,,527,14,,,0
53019,'1034064',1116,,528,14,,,0
53019,'1034065',1416,,529,18,,,0
53019,'1034069',1516,,530,14,,,0
53019,'1034070',1546,,531,18,,,0
53019,'1034072',1846,,532,14,,,0
53019,'1034074',946,,533,18,,,0
53019,'1034077',1216,,534,14,,,0
53019,'1034079',1646,,535,18,,,0
53019,'1034082',1746,,536,18,,,0
53019,'1034083',1746,,537,14,,,0
53019,'1034085',1546,,538,14,,,0
53019,'1034087',846,,539,18,,,0
53019,'1034091',846,,540,14,,,0
53019,'1034092',1016,,541,14,,,0
53019,'1034094',1446,,542,14,,,0
53019,'1034095',816,,543,14,,,0
53019,'1034100',1416,,544,14,,,0
53019,'1034102',816,,545,18,,,0
53019,'1034104',1746,,546,14,,,0
53019,'1034105',1416,,547,14,,,0
53019,'1034106',1246,,548,18,,,0
53019,'1034107',1116,,549,14,,,0
53019,'1034108',916,,550,14,,,0
53019,'1034113',1716,,551,14,,,0
53019,'1034115',1146,,552,18,,,0
53019,'1034116',1946,,553,14,,,0
53019,'1034120',1716,,554,18,,,0
53019,'1034121',846,,555,14,,,0
53019,'1034122',716,,556,18,,,0
53019,'1034123',1816,,557,14,,,0
53019,'1034124',1616,,558,18,,,0
53019,'1034126',1646,,559,14,,,0
53019,'1034127',916,,560,18,,,0
53019,'1034128',1346,,561,18,,,0
53019,'1034135',1616,,562,14,,,0
53019,'1034136',1446,,563,14,,,0
53019,'1034139',1246,,564,14,,,0
53019,'1034140',1046,,565,14,,,0
53019,'1034144',816,,566,14,,,0
53019,'1034145',1716,,567,14,,,0
53019,'1034149',1216,,568,14,,,0
53019,'1034150',1146,,569,14,,,0
53019,'1034151',1046,,570,18,,,0
53019,'1034154',1616,,571,14,,,0
53019,'1034155',1316,,572,14,,,0
53019,'1034157',2046,,573,14,,,0
53019,'1034158',1046,,574,14,,,0
53019,'1034161',1016,,575,14,,,0
53019,'1034162',1146,,576,14,,,0
53019,'1034165',1516,,577,18,,,0
53019,'1034168',1216,,578,18,,,0
53019,'1034169',2016,,579,14,,,0
53019,'1034178',1316,,580,18,,,0
53019,'1034179',1546,,581,14,,,0
53019,'1034182',1816,,582,14,,,0
53019,'1034183',946,,583,14,,,0
53019,'1034185',1246,,584,14,,,0
53019,'1034187',946,,585,14,,,0
53019,'1034190',1346,,586,14,,,0
53019,'1034192',1816,,587,18,,,0
53019,'1034193',1346,,588,14,,,0
53019,'1034194',1116,,589,18,,,0
53019,'1034195',1916,,590,14,,,0
53019,'1034196',1016,,591,18,,,0
53019,'1034198',1846,,592,14,,,0
53019,'1034199',1516,,593,14,,,0
53019,'1034200',1316,,594,14,,,0
53019,'1034202',1646,,595,14,,,0
53019,'1034204',1446,,596,18,,,0
53019,'1034205',646,,597,18,,,0
