53019,'1034060',731,,526,2,,,0
53019,'1034065',1401,,529,2,,,0
53019,'1034070',1531,,531,2,,,0
53019,'1034074',931,,533,2,,,0
53019,'1034079',1631,,535,2,,,0
53019,'1034082',1731,,536,2,,,0
53019,'1034087',831,,539,2,,,0
53019,'1034102',801,,545,2,,,0
53019,'1034106',1231,,548,2,,,0
53019,'1034115',1131,,552,2,,,0
53019,'1034120',1701,,554,2,,,0
53019,'1034122',701,,556,2,,,0
53019,'1034124',1601,,558,2,,,0
53019,'1034127',901,,560,2,,,0
53019,'1034128',1331,,561,2,,,0
53019,'1034151',1031,,570,2,,,0
53019,'1034165',1501,,577,2,,,0
53019,'1034168',1201,,578,2,,,0
53019,'1034178',1301,,580,2,,,0
53019,'1034192',1801,,587,2,,,0
53019,'1034194',1101,,589,2,,,0
53019,'1034196',1001,,591,2,,,0
53019,'1034204',1431,,596,2,,,0
53019,'1034205',631,,597,2,,,0
