11019,'1032754',1432,,81,14,,,0
11019,'1032757',902,,82,14,,,0
11019,'1032758',1332,,83,14,,,0
11019,'1032760',2232,,84,14,,,0
11019,'1032761',2102,,85,14,,,0
11019,'1032765',1802,,86,14,,,0
11019,'1032766',1532,,87,14,,,0
11019,'1032768',1532,,88,14,,,0
11019,'1032771',2032,,89,14,,,0
11019,'1032772',1402,,90,14,,,0
11019,'1032774',902,,91,14,,,0
11019,'1032775',1002,,92,14,,,0
11019,'1032776',1832,,93,14,,,0
11019,'1032777',1132,,94,14,,,0
11019,'1032779',1732,,95,14,,,0
11019,'1032780',1502,,96,14,,,0
11019,'1032781',1632,,97,14,,,0
11019,'1032784',1232,,98,14,,,0
11019,'1032785',1832,,99,14,,,0
11019,'1032787',1602,,100,14,,,0
11019,'1032795',1402,,101,14,,,0
11019,'1032796',1202,,102,14,,,0
11019,'1032798',1502,,103,14,,,0
11019,'1032801',1332,,104,14,,,0
11019,'1032803',1032,,105,14,,,0
11019,'1032804',1302,,106,14,,,0
11019,'1032807',1802,,107,14,,,0
11019,'1032809',2002,,108,14,,,0
11019,'1032810',1432,,109,14,,,0
11019,'1032814',1602,,110,14,,,0
11019,'1032816',2002,,111,14,,,0
11019,'1032817',1932,,112,14,,,0
11019,'1032820',902,,113,14,,,0
11019,'1032821',1232,,114,14,,,0
11019,'1032822',932,,115,14,,,0
11019,'1032823',1002,,116,14,,,0
11019,'1032824',1032,,117,14,,,0
11019,'1032826',1702,,118,14,,,0
11019,'1032827',1102,,119,14,,,0
11019,'1032828',802,,120,14,,,0
11019,'1032831',1332,,121,14,,,0
11019,'1032834',1032,,122,14,,,0
11019,'1032838',2102,,123,14,,,0
11019,'1032839',1802,,124,14,,,0
11019,'1032841',1932,,125,14,,,0
11019,'1032846',732,,126,14,,,0
11019,'1032848',1900,,127,14,,,0
11019,'1032850',1602,,128,14,,,0
11019,'1032857',1832,,129,14,,,0
11019,'1032858',2032,,130,14,,,0
11019,'1032860',1102,,131,14,,,0
11019,'1032862',1900,,132,14,,,0
11019,'1032865',832,,133,14,,,0
11019,'1032866',932,,134,14,,,0
11019,'1032867',1632,,135,14,,,0
11019,'1032871',1702,,136,14,,,0
11019,'1032872',1432,,137,14,,,0
11019,'1032875',1132,,138,14,,,0
11019,'1032876',1132,,139,14,,,0
11019,'1032881',1902,,140,14,,,0
11019,'1032882',932,,141,14,,,0
11019,'1032883',2132,,142,14,,,0
11019,'1032885',1732,,143,14,,,0
11019,'1032887',1732,,144,14,,,0
11019,'1032890',1632,,145,14,,,0
11019,'1032892',1002,,146,14,,,0
11019,'1032894',1302,,147,14,,,0
11019,'1032896',1102,,148,14,,,0
11019,'1032901',1202,,149,14,,,0
11019,'1032904',2202,,150,14,,,0
11019,'1032906',1302,,151,14,,,0
11019,'1032908',828,,152,14,,,0
11019,'1032909',832,,153,14,,,0
11019,'1032911',1402,,154,14,,,0
11019,'1032913',702,,155,14,,,0
11019,'1032917',1232,,156,14,,,0
11019,'1032919',1532,,157,14,,,0
11019,'1032926',1502,,158,14,,,0
11019,'1032928',1202,,159,14,,,0
11019,'1032930',1702,,160,14,,,0
