11019,'1032754',1436,,81,20,,,0
11019,'1032757',908,,82,20,,,0
11019,'1032758',1338,,83,20,,,0
11019,'1032760',2238,,84,20,,,0
11019,'1032761',2108,,85,20,,,0
11019,'1032765',1808,,86,20,,,0
11019,'1032766',1536,,87,20,,,0
11019,'1032768',1538,,88,20,,,0
11019,'1032771',2038,,89,20,,,0
11019,'1032772',1408,,90,20,,,0
11019,'1032774',906,,91,20,,,0
11019,'1032775',1008,,92,20,,,0
11019,'1032776',1836,,93,20,,,0
11019,'1032777',1138,,94,20,,,0
11019,'1032779',1738,,95,20,,,0
11019,'1032780',1508,,96,20,,,0
11019,'1032781',1638,,97,20,,,0
11019,'1032784',1238,,98,20,,,0
11019,'1032785',1838,,99,20,,,0
11019,'1032787',1608,,100,20,,,0
11019,'1032795',1406,,101,20,,,0
11019,'1032796',1208,,102,20,,,0
11019,'1032798',1506,,103,20,,,0
11019,'1032801',1336,,104,20,,,0
11019,'1032803',1036,,105,20,,,0
11019,'1032804',1308,,106,20,,,0
11019,'1032807',1808,,107,20,,,0
11019,'1032809',2008,,108,20,,,0
11019,'1032810',1438,,109,20,,,0
11019,'1032814',1608,,110,20,,,0
11019,'1032816',2008,,111,20,,,0
11019,'1032817',1938,,112,20,,,0
11019,'1032820',908,,113,20,,,0
11019,'1032821',1238,,114,20,,,0
11019,'1032822',936,,115,20,,,0
11019,'1032823',1006,,116,20,,,0
11019,'1032824',1038,,117,20,,,0
11019,'1032826',1708,,118,20,,,0
11019,'1032827',1106,,119,20,,,0
11019,'1032828',808,,120,20,,,0
11019,'1032831',1338,,121,20,,,0
11019,'1032834',1038,,122,20,,,0
11019,'1032838',2108,,123,20,,,0
11019,'1032839',1806,,124,20,,,0
11019,'1032841',1938,,125,20,,,0
11019,'1032846',738,,126,20,,,0
11019,'1032848',1900,,127,20,,,0
11019,'1032850',1606,,128,20,,,0
11019,'1032857',1838,,129,20,,,0
11019,'1032858',2038,,130,20,,,0
11019,'1032860',1108,,131,20,,,0
11019,'1032862',1900,,132,20,,,0
11019,'1032865',838,,133,20,,,0
11019,'1032866',938,,134,20,,,0
11019,'1032867',1638,,135,20,,,0
11019,'1032871',1708,,136,20,,,0
11019,'1032872',1438,,137,20,,,0
11019,'1032875',1136,,138,20,,,0
11019,'1032876',1138,,139,20,,,0
11019,'1032881',1906,,140,20,,,0
11019,'1032882',938,,141,20,,,0
11019,'1032883',2138,,142,20,,,0
11019,'1032885',1736,,143,20,,,0
11019,'1032887',1738,,144,20,,,0
11019,'1032890',1636,,145,20,,,0
11019,'1032892',1008,,146,20,,,0
11019,'1032894',1306,,147,20,,,0
11019,'1032896',1108,,148,20,,,0
11019,'1032901',1206,,149,20,,,0
11019,'1032904',2208,,150,20,,,0
11019,'1032906',1308,,151,20,,,0
11019,'1032908',835,,152,20,,,0
11019,'1032909',838,,153,20,,,0
11019,'1032911',1408,,154,20,,,0
11019,'1032913',708,,155,20,,,0
11019,'1032917',1236,,156,20,,,0
11019,'1032919',1538,,157,20,,,0
11019,'1032926',1508,,158,20,,,0
11019,'1032928',1208,,159,20,,,0
11019,'1032930',1706,,160,20,,,0
