53019,'1024242',1908,,517,5,,,0
53019,'1024246',2038,,518,5,,,0
53019,'1024254',2108,,519,5,,,0
53019,'1024269',2008,,520,5,,,0
53019,'1024272',2138,,521,5,,,0
53019,'1024279',2208,,522,5,,,0
53019,'1024280',1838,,523,5,,,0
53019,'1024313',1938,,524,5,,,0
53019,'1034057',1901,,525,2,,,0
53019,'1034060',735,,526,6,,,0
53019,'1034061',901,,527,2,,,0
53019,'1034064',1101,,528,2,,,0
53019,'1034065',1405,,529,6,,,0
53019,'1034069',1501,,530,2,,,0
53019,'1034070',1535,,531,6,,,0
53019,'1034072',1831,,532,2,,,0
53019,'1034074',935,,533,6,,,0
53019,'1034077',1201,,534,2,,,0
53019,'1034079',1635,,535,6,,,0
53019,'1034082',1735,,536,6,,,0
53019,'1034083',1731,,537,2,,,0
53019,'1034085',1531,,538,2,,,0
53019,'1034087',835,,539,6,,,0
53019,'1034091',831,,540,2,,,0
53019,'1034092',1001,,541,2,,,0
53019,'1034094',1431,,542,2,,,0
53019,'1034095',801,,543,2,,,0
53019,'1034100',1401,,544,2,,,0
53019,'1034102',805,,545,6,,,0
53019,'1034104',1731,,546,2,,,0
53019,'1034105',1401,,547,2,,,0
53019,'1034106',1235,,548,6,,,0
53019,'1034107',1101,,549,2,,,0
53019,'1034108',901,,550,2,,,0
53019,'1034113',1701,,551,2,,,0
53019,'1034115',1135,,552,6,,,0
53019,'1034116',1931,,553,2,,,0
53019,'1034120',1705,,554,6,,,0
53019,'1034121',831,,555,2,,,0
53019,'1034122',705,,556,6,,,0
53019,'1034123',1801,,557,2,,,0
53019,'1034124',1605,,558,6,,,0
53019,'1034126',1631,,559,2,,,0
53019,'1034127',905,,560,6,,,0
53019,'1034128',1335,,561,6,,,0
53019,'1034135',1601,,562,2,,,0
53019,'1034136',1431,,563,2,,,0
53019,'1034139',1231,,564,2,,,0
53019,'1034140',1031,,565,2,,,0
53019,'1034144',801,,566,2,,,0
53019,'1034145',1701,,567,2,,,0
53019,'1034149',1201,,568,2,,,0
53019,'1034150',1131,,569,2,,,0
53019,'1034151',1035,,570,6,,,0
53019,'1034154',1601,,571,2,,,0
53019,'1034155',1301,,572,2,,,0
53019,'1034157',2031,,573,2,,,0
53019,'1034158',1031,,574,2,,,0
53019,'1034161',1001,,575,2,,,0
53019,'1034162',1131,,576,2,,,0
53019,'1034165',1505,,577,6,,,0
53019,'1034168',1205,,578,6,,,0
53019,'1034169',2001,,579,2,,,0
53019,'1034178',1305,,580,6,,,0
53019,'1034179',1531,,581,2,,,0
53019,'1034182',1801,,582,2,,,0
53019,'1034183',931,,583,2,,,0
53019,'1034185',1231,,584,2,,,0
53019,'1034187',931,,585,2,,,0
53019,'1034190',1331,,586,2,,,0
53019,'1034192',1805,,587,6,,,0
53019,'1034193',1331,,588,2,,,0
53019,'1034194',1105,,589,6,,,0
53019,'1034195',1901,,590,2,,,0
53019,'1034196',1005,,591,6,,,0
53019,'1034198',1831,,592,2,,,0
53019,'1034199',1501,,593,2,,,0
53019,'1034200',1301,,594,2,,,0
53019,'1034202',1631,,595,2,,,0
53019,'1034204',1435,,596,6,,,0
53019,'1034205',635,,597,6,,,0
