53019,'1024242',1910,,517,9,,,0
53019,'1024246',2040,,518,9,,,0
53019,'1024254',2110,,519,9,,,0
53019,'1024269',2010,,520,9,,,0
53019,'1024272',2140,,521,9,,,0
53019,'1024279',2210,,522,9,,,0
53019,'1024280',1840,,523,9,,,0
53019,'1024313',1940,,524,9,,,0
53019,'1034057',1907,,525,6,,,0
53019,'1034060',739,,526,10,,,0
53019,'1034061',907,,527,6,,,0
53019,'1034064',1107,,528,6,,,0
53019,'1034065',1409,,529,10,,,0
53019,'1034069',1507,,530,6,,,0
53019,'1034070',1539,,531,10,,,0
53019,'1034072',1837,,532,6,,,0
53019,'1034074',939,,533,10,,,0
53019,'1034077',1207,,534,6,,,0
53019,'1034079',1639,,535,10,,,0
53019,'1034082',1739,,536,10,,,0
53019,'1034083',1737,,537,6,,,0
53019,'1034085',1537,,538,6,,,0
53019,'1034087',839,,539,10,,,0
53019,'1034091',837,,540,6,,,0
53019,'1034092',1007,,541,6,,,0
53019,'1034094',1437,,542,6,,,0
53019,'1034095',807,,543,6,,,0
53019,'1034100',1407,,544,6,,,0
53019,'1034102',809,,545,10,,,0
53019,'1034104',1737,,546,6,,,0
53019,'1034105',1407,,547,6,,,0
53019,'1034106',1239,,548,10,,,0
53019,'1034107',1107,,549,6,,,0
53019,'1034108',907,,550,6,,,0
53019,'1034113',1707,,551,6,,,0
53019,'1034115',1139,,552,10,,,0
53019,'1034116',1937,,553,6,,,0
53019,'1034120',1709,,554,10,,,0
53019,'1034121',837,,555,6,,,0
53019,'1034122',709,,556,10,,,0
53019,'1034123',1807,,557,6,,,0
53019,'1034124',1609,,558,10,,,0
53019,'1034126',1637,,559,6,,,0
53019,'1034127',909,,560,10,,,0
53019,'1034128',1339,,561,10,,,0
53019,'1034135',1607,,562,6,,,0
53019,'1034136',1437,,563,6,,,0
53019,'1034139',1237,,564,6,,,0
53019,'1034140',1037,,565,6,,,0
53019,'1034144',807,,566,6,,,0
53019,'1034145',1707,,567,6,,,0
53019,'1034149',1207,,568,6,,,0
53019,'1034150',1137,,569,6,,,0
53019,'1034151',1039,,570,10,,,0
53019,'1034154',1607,,571,6,,,0
53019,'1034155',1307,,572,6,,,0
53019,'1034157',2037,,573,6,,,0
53019,'1034158',1037,,574,6,,,0
53019,'1034161',1007,,575,6,,,0
53019,'1034162',1137,,576,6,,,0
53019,'1034165',1509,,577,10,,,0
53019,'1034168',1209,,578,10,,,0
53019,'1034169',2007,,579,6,,,0
53019,'1034178',1309,,580,10,,,0
53019,'1034179',1537,,581,6,,,0
53019,'1034182',1807,,582,6,,,0
53019,'1034183',937,,583,6,,,0
53019,'1034185',1237,,584,6,,,0
53019,'1034187',937,,585,6,,,0
53019,'1034190',1337,,586,6,,,0
53019,'1034192',1809,,587,10,,,0
53019,'1034193',1337,,588,6,,,0
53019,'1034194',1109,,589,10,,,0
53019,'1034195',1907,,590,6,,,0
53019,'1034196',1009,,591,10,,,0
53019,'1034198',1837,,592,6,,,0
53019,'1034199',1507,,593,6,,,0
53019,'1034200',1307,,594,6,,,0
53019,'1034202',1637,,595,6,,,0
53019,'1034204',1439,,596,10,,,0
53019,'1034205',639,,597,10,,,0
