20019,'1026880',1300,42,161,15,,,0
20019,'1026881',1530,2,162,15,,,0
20019,'1026885',1800,42,163,15,,,0
20019,'1026887',1100,42,164,15,,,0
20019,'1026888',1500,42,165,15,,,0
20019,'1026889',900,42,166,15,,,0
20019,'1026891',1630,2,167,15,,,0
20019,'1026892',730,2,168,15,,,0
20019,'1026899',1200,42,169,15,,,0
20019,'1026900',1600,42,170,15,,,0
20019,'1026901',1830,2,171,15,,,0
20019,'1026903',930,2,172,15,,,0
20019,'1026905',1130,2,173,15,,,0
20019,'1026906',1230,2,174,15,,,0
20019,'1026907',1000,42,175,15,,,0
20019,'1026909',1730,2,176,15,,,0
20019,'1026911',700,42,177,15,,,0
20019,'1026912',1700,42,178,15,,,0
20019,'1026914',1400,42,179,15,,,0
20019,'1026915',759,,180,15,,,0
20019,'1026918',830,2,181,15,,,0
20019,'1026919',1430,2,182,15,,,0
20019,'1026921',1330,2,183,15,,,0
20019,'1026922',1030,2,184,15,,,0
20019,'1031076',1200,42,185,15,,,0
20019,'1031114',900,42,186,15,,,0
20019,'1031117',1700,42,187,15,,,0
20019,'1031123',1500,42,188,15,,,0
20019,'1031134',1630,2,189,15,,,0
20019,'1031180',1430,2,190,15,,,0
20019,'1031230',1000,42,191,15,,,0
20019,'1031240',1800,42,192,15,,,0
20019,'1031246',1300,42,193,15,,,0
20019,'1031248',2000,42,194,15,,,0
20019,'1031270',1230,2,195,15,,,0
20019,'1031271',1730,2,196,15,,,0
20019,'1031273',1400,42,197,15,,,0
20019,'1031309',1130,2,198,15,,,0
20019,'1031316',2030,2,199,15,,,0
20019,'1031367',930,2,200,15,,,0
20019,'1031377',1830,2,201,15,,,0
20019,'1031397',1930,2,202,15,,,0
20019,'1031410',2100,42,203,15,,,0
20019,'1031412',1530,2,204,15,,,0
20019,'1031441',1900,42,205,15,,,0
20019,'1031442',1330,2,206,15,,,0
20019,'1031468',830,2,207,15,,,0
20019,'1031488',1600,42,208,15,,,0
20019,'1031519',1030,2,209,15,,,0
20019,'1031541',1100,42,210,15,,,0
