30019,'1022006',1852,2,341,7,,,0
30019,'1022019',1952,2,342,7,,,0
30019,'1022024',1922,2,343,7,,,0
30019,'1022033',2052,2,344,7,,,0
30019,'1022037',2152,2,345,7,,,0
30019,'1022062',2222,2,346,7,,,0
30019,'1022075',2022,2,347,7,,,0
30019,'1022083',2122,2,348,7,,,0
30019,'1031077',952,2,349,7,,,0
30019,'1031082',1422,2,352,7,,,0
30019,'1031084',2022,2,353,7,,,0
30019,'1031097',1352,2,356,7,,,0
30019,'1031098',1052,2,357,7,,,0
30019,'1031109',922,2,358,7,,,0
30019,'1031136',1322,2,360,7,,,0
30019,'1031151',1222,2,361,7,,,0
30019,'1031178',1952,2,362,7,,,0
30019,'1031191',2052,2,363,7,,,0
30019,'1031234',1852,2,365,7,,,0
30019,'1031251',1122,2,367,7,,,0
30019,'1031253',852,2,368,7,,,0
30019,'1031265',1452,2,369,7,,,0
30019,'1031290',1722,2,372,7,,,0
30019,'1031297',1822,2,374,7,,,0
30019,'1031307',1522,2,377,7,,,0
30019,'1031326',1622,2,380,7,,,0
30019,'1031338',1552,2,381,7,,,0
30019,'1031352',1022,2,383,7,,,0
30019,'1031361',822,2,384,7,,,0
30019,'1031450',1652,2,386,7,,,0
30019,'1031479',1752,2,391,7,,,0
30019,'1031507',1152,2,394,7,,,0
30019,'1031512',1252,2,395,7,,,0
30019,'1031524',1922,2,398,7,,,0
30019,'1031758',1122,2,401,7,,,0
30019,'1031759',1252,2,402,7,,,0
30019,'1031762',852,2,405,7,,,0
30019,'1031763',1652,2,406,7,,,0
30019,'1031765',952,2,408,7,,,0
30019,'1031768',1822,2,411,7,,,0
30019,'1031771',922,2,414,7,,,0
30019,'1031773',1352,2,416,7,,,0
30019,'1031775',1552,2,418,7,,,0
30019,'1031776',1852,2,419,7,,,0
30019,'1031777',1622,2,420,7,,,0
30019,'1031778',822,2,421,7,,,0
30019,'1031779',1322,2,422,7,,,0
30019,'1031780',1722,2,423,7,,,0
30019,'1031781',1522,2,424,7,,,0
30019,'1031782',1422,2,425,7,,,0
30019,'1031783',1752,2,426,7,,,0
30019,'1031786',1152,2,429,7,,,0
30019,'1031790',1022,2,433,7,,,0
30019,'1031794',1452,2,437,7,,,0
30019,'1031795',1052,2,438,7,,,0
30019,'1031796',1222,2,439,7,,,0
61019,'1023602',2217,,671,23,,,0
61019,'1023604',1048,,672,17,,,0
61019,'1023607',1148,,673,17,,,0
61019,'1023608',1518,,674,17,,,0
61019,'1023609',1548,,675,17,,,0
61019,'1023612',749,,676,17,,,0
61019,'1023613',1348,,677,17,,,0
61019,'1023615',2047,,678,23,,,0
61019,'1023616',1618,,679,17,,,0
61019,'1023617',718,,680,17,,,0
61019,'1023618',1818,,681,17,,,0
61019,'1023622',2147,,682,23,,,0
61019,'1023625',1318,,683,17,,,0
61019,'1023627',1847,,684,23,,,0
61019,'1023628',1917,,685,23,,,0
61019,'1023629',948,,686,17,,,0
61019,'1023630',1448,,687,17,,,0
61019,'1023631',649,,688,17,,,0
61019,'1023633',1418,,689,17,,,0
61019,'1023634',1648,,690,17,,,0
61019,'1023637',848,,691,17,,,0
61019,'1023640',2017,,692,23,,,0
61019,'1023642',918,,693,17,,,0
61019,'1023643',1718,,694,17,,,0
61019,'1023646',1749,,695,17,,,0
61019,'1023647',1248,,696,17,,,0
61019,'1023649',1947,,697,23,,,0
61019,'1023650',1119,,698,17,,,0
61019,'1023651',1018,,699,17,,,0
61019,'1023653',818,,700,17,,,0
61019,'1023654',2117,,701,23,,,0
61019,'1023655',1218,,702,17,,,0
61019,'1031073',1148,,703,17,,,0
61019,'1031088',1018,,704,17,,,0
61019,'1031106',1548,,705,17,,,0
61019,'1031112',1548,,706,17,,,0
61019,'1031128',948,,707,17,,,0
61019,'1031140',1018,,708,17,,,0
61019,'1031141',1148,,709,17,,,0
61019,'1031143',1348,,710,17,,,0
61019,'1031150',1818,,711,17,,,0
61019,'1031153',1948,,712,17,,,0
61019,'1031155',1348,,713,17,,,0
61019,'1031162',1618,,714,17,,,0
61019,'1031165',1848,,715,17,,,0
61019,'1031173',1318,,716,17,,,0
61019,'1031179',1118,,717,17,,,0
61019,'1031199',1248,,718,17,,,0
61019,'1031206',1318,,719,17,,,0
61019,'1031222',1748,,720,17,,,0
61019,'1031225',918,,721,17,,,0
61019,'1031226',2018,,722,17,,,0
61019,'1031228',1848,,723,17,,,0
61019,'1031252',848,,724,17,,,0
61019,'1031258',848,,725,17,,,0
61019,'1031260',818,,726,17,,,0
61019,'1031277',1718,,727,17,,,0
61019,'1031293',1518,,728,17,,,0
61019,'1031304',1418,,729,17,,,0
61019,'1031313',1118,,730,17,,,0
61019,'1031330',1448,,731,17,,,0
61019,'1031331',2048,,732,17,,,0
61019,'1031335',818,,733,17,,,0
61019,'1031357',1418,,734,17,,,0
61019,'1031359',1818,,735,17,,,0
61019,'1031360',1918,,736,17,,,0
61019,'1031362',1048,,737,17,,,0
61019,'1031375',1518,,738,17,,,0
61019,'1031384',1648,,739,17,,,0
61019,'1031388',1218,,740,17,,,0
61019,'1031391',1918,,741,17,,,0
61019,'1031407',1748,,742,17,,,0
61019,'1031411',1218,,743,17,,,0
61019,'1031414',918,,744,17,,,0
61019,'1031435',1618,,745,17,,,0
61019,'1031457',1648,,746,17,,,0
61019,'1031462',1248,,747,17,,,0
61019,'1031483',948,,748,17,,,0
61019,'1031501',1448,,749,17,,,0
61019,'1031516',1048,,750,17,,,0
61019,'1031526',1718,,751,17,,,0
