30019,'1022006',1854,,341,10,,,0
30019,'1022019',1954,,342,10,,,0
30019,'1022024',1924,,343,10,,,0
30019,'1022033',2054,,344,10,,,0
30019,'1022037',2154,,345,10,,,0
30019,'1022062',2224,,346,10,,,0
30019,'1022075',2024,,347,10,,,0
30019,'1022083',2124,,348,10,,,0
30019,'1031077',953,,349,10,,,0
30019,'1031082',1423,,352,10,,,0
30019,'1031084',2023,,353,10,,,0
30019,'1031097',1353,,356,10,,,0
30019,'1031098',1053,,357,10,,,0
30019,'1031109',923,,358,10,,,0
30019,'1031136',1323,,360,10,,,0
30019,'1031151',1223,,361,10,,,0
30019,'1031178',1953,,362,10,,,0
30019,'1031191',2053,,363,10,,,0
30019,'1031234',1853,,365,10,,,0
30019,'1031251',1123,,367,10,,,0
30019,'1031253',853,,368,10,,,0
30019,'1031265',1453,,369,10,,,0
30019,'1031290',1723,,372,10,,,0
30019,'1031297',1823,,374,10,,,0
30019,'1031307',1523,,377,10,,,0
30019,'1031326',1623,,380,10,,,0
30019,'1031338',1553,,381,10,,,0
30019,'1031352',1023,,383,10,,,0
30019,'1031361',823,,384,10,,,0
30019,'1031450',1653,,386,10,,,0
30019,'1031479',1753,,391,10,,,0
30019,'1031507',1153,,394,10,,,0
30019,'1031512',1253,,395,10,,,0
30019,'1031524',1923,,398,10,,,0
30019,'1031758',1123,,401,10,,,0
30019,'1031759',1253,,402,10,,,0
30019,'1031762',853,,405,10,,,0
30019,'1031763',1653,,406,10,,,0
30019,'1031765',953,,408,10,,,0
30019,'1031768',1823,,411,10,,,0
30019,'1031771',923,,414,10,,,0
30019,'1031773',1353,,416,10,,,0
30019,'1031775',1553,,418,10,,,0
30019,'1031776',1853,,419,10,,,0
30019,'1031777',1623,,420,10,,,0
30019,'1031778',823,,421,10,,,0
30019,'1031779',1323,,422,10,,,0
30019,'1031780',1723,,423,10,,,0
30019,'1031781',1523,,424,10,,,0
30019,'1031782',1423,,425,10,,,0
30019,'1031783',1753,,426,10,,,0
30019,'1031786',1153,,429,10,,,0
30019,'1031790',1023,,433,10,,,0
30019,'1031794',1453,,437,10,,,0
30019,'1031795',1053,,438,10,,,0
30019,'1031796',1223,,439,10,,,0
61019,'1023602',2222,2,671,26,,,0
61019,'1023604',1052,2,672,20,,,0
61019,'1023607',1152,2,673,20,,,0
61019,'1023608',1522,2,674,20,,,0
61019,'1023609',1552,2,675,20,,,0
61019,'1023612',752,,676,20,,,0
61019,'1023613',1352,2,677,20,,,0
61019,'1023615',2052,2,678,26,,,0
61019,'1023616',1622,2,679,20,,,0
61019,'1023617',720,,680,20,,,0
61019,'1023618',1820,,681,20,,,0
61019,'1023622',2152,2,682,26,,,0
61019,'1023625',1322,2,683,20,,,0
61019,'1023627',1852,2,684,26,,,0
61019,'1023628',1922,2,685,26,,,0
61019,'1023629',952,2,686,20,,,0
61019,'1023630',1452,2,687,20,,,0
61019,'1023631',652,,688,20,,,0
61019,'1023633',1422,2,689,20,,,0
61019,'1023634',1652,2,690,20,,,0
61019,'1023637',850,,691,20,,,0
61019,'1023640',2022,2,692,26,,,0
61019,'1023642',922,2,693,20,,,0
61019,'1023643',1722,2,694,20,,,0
61019,'1023646',1752,,695,20,,,0
61019,'1023647',1252,2,696,20,,,0
61019,'1023649',1952,2,697,26,,,0
61019,'1023650',1122,,698,20,,,0
61019,'1023651',1022,2,699,20,,,0
61019,'1023653',820,,700,20,,,0
61019,'1023654',2122,2,701,26,,,0
61019,'1023655',1222,2,702,20,,,0
61019,'1031073',1152,2,703,20,,,0
61019,'1031088',1022,2,704,20,,,0
61019,'1031106',1552,2,705,20,,,0
61019,'1031112',1552,2,706,20,,,0
61019,'1031128',952,2,707,20,,,0
61019,'1031140',1022,2,708,20,,,0
61019,'1031141',1152,2,709,20,,,0
61019,'1031143',1352,2,710,20,,,0
61019,'1031150',1822,2,711,20,,,0
61019,'1031153',1952,2,712,20,,,0
61019,'1031155',1352,2,713,20,,,0
61019,'1031162',1622,2,714,20,,,0
61019,'1031165',1852,2,715,20,,,0
61019,'1031173',1322,2,716,20,,,0
61019,'1031179',1122,2,717,20,,,0
61019,'1031199',1252,2,718,20,,,0
61019,'1031206',1322,2,719,20,,,0
61019,'1031222',1752,2,720,20,,,0
61019,'1031225',922,2,721,20,,,0
61019,'1031226',2022,2,722,20,,,0
61019,'1031228',1852,2,723,20,,,0
61019,'1031252',852,2,724,20,,,0
61019,'1031258',852,2,725,20,,,0
61019,'1031260',822,2,726,20,,,0
61019,'1031277',1722,2,727,20,,,0
61019,'1031293',1522,2,728,20,,,0
61019,'1031304',1422,2,729,20,,,0
61019,'1031313',1122,2,730,20,,,0
61019,'1031330',1452,2,731,20,,,0
61019,'1031331',2052,2,732,20,,,0
61019,'1031335',822,2,733,20,,,0
61019,'1031357',1422,2,734,20,,,0
61019,'1031359',1822,2,735,20,,,0
61019,'1031360',1922,2,736,20,,,0
61019,'1031362',1052,2,737,20,,,0
61019,'1031375',1522,2,738,20,,,0
61019,'1031384',1652,2,739,20,,,0
61019,'1031388',1222,2,740,20,,,0
61019,'1031391',1922,2,741,20,,,0
61019,'1031407',1752,2,742,20,,,0
61019,'1031411',1222,2,743,20,,,0
61019,'1031414',922,2,744,20,,,0
61019,'1031435',1622,2,745,20,,,0
61019,'1031457',1652,2,746,20,,,0
61019,'1031462',1252,2,747,20,,,0
61019,'1031483',952,2,748,20,,,0
61019,'1031501',1452,2,749,20,,,0
61019,'1031516',1052,2,750,20,,,0
61019,'1031526',1722,2,751,20,,,0
