30019,'1022006',1846,,341,3,,,0
30019,'1022019',1946,,342,3,,,0
30019,'1022024',1916,,343,3,,,0
30019,'1022033',2046,,344,3,,,0
30019,'1022037',2146,,345,3,,,0
30019,'1022062',2216,,346,3,,,0
30019,'1022075',2016,,347,3,,,0
30019,'1022083',2116,,348,3,,,0
30019,'1031077',946,,349,3,,,0
30019,'1031082',1416,,352,3,,,0
30019,'1031084',2016,,353,3,,,0
30019,'1031097',1346,,356,3,,,0
30019,'1031098',1046,,357,3,,,0
30019,'1031109',916,,358,3,,,0
30019,'1031136',1316,,360,3,,,0
30019,'1031151',1216,,361,3,,,0
30019,'1031178',1946,,362,3,,,0
30019,'1031191',2046,,363,3,,,0
30019,'1031234',1846,,365,3,,,0
30019,'1031251',1116,,367,3,,,0
30019,'1031253',846,,368,3,,,0
30019,'1031265',1446,,369,3,,,0
30019,'1031290',1716,,372,3,,,0
30019,'1031297',1816,,374,3,,,0
30019,'1031307',1516,,377,3,,,0
30019,'1031326',1616,,380,3,,,0
30019,'1031338',1546,,381,3,,,0
30019,'1031352',1016,,383,3,,,0
30019,'1031361',816,,384,3,,,0
30019,'1031450',1646,,386,3,,,0
30019,'1031479',1746,,391,3,,,0
30019,'1031507',1146,,394,3,,,0
30019,'1031512',1246,,395,3,,,0
30019,'1031524',1916,,398,3,,,0
30019,'1031758',1116,,401,3,,,0
30019,'1031759',1246,,402,3,,,0
30019,'1031762',846,,405,3,,,0
30019,'1031763',1646,,406,3,,,0
30019,'1031765',946,,408,3,,,0
30019,'1031768',1816,,411,3,,,0
30019,'1031771',916,,414,3,,,0
30019,'1031773',1346,,416,3,,,0
30019,'1031775',1546,,418,3,,,0
30019,'1031776',1846,,419,3,,,0
30019,'1031777',1616,,420,3,,,0
30019,'1031778',816,,421,3,,,0
30019,'1031779',1316,,422,3,,,0
30019,'1031780',1716,,423,3,,,0
30019,'1031781',1516,,424,3,,,0
30019,'1031782',1416,,425,3,,,0
30019,'1031783',1746,,426,3,,,0
30019,'1031786',1146,,429,3,,,0
30019,'1031790',1016,,433,3,,,0
30019,'1031794',1446,,437,3,,,0
30019,'1031795',1046,,438,3,,,0
30019,'1031796',1216,,439,3,,,0
31029,'1023499',1416,,469,3,0,5 6,0
31029,'1023506',1516,,470,3,0,5 6,0
31029,'1023507',1216,,471,3,0,5 6,0
31029,'1023508',946,,472,3,0,5 6,0
31029,'1023509',746,,473,3,0,5 6,0
31029,'1023511',1446,,474,3,0,5 6,0
31029,'1023513',646,,475,3,0,5 6,0
31029,'1023518',1616,,476,3,0,5 6,0
31029,'1023526',1246,,477,3,0,5 6,0
31029,'1023527',1746,,478,3,0,5 6,0
31029,'1023529',1016,,479,3,0,5 6,0
31029,'1023539',916,,480,3,0,5 6,0
31029,'1023541',846,,481,3,0,5 6,0
31029,'1023542',1316,,482,3,0,5 6,0
31029,'1023546',1116,,483,3,0,5 6,0
31029,'1023552',1716,,484,3,0,5 6,0
31029,'1023556',1816,,485,3,0,5 6,0
31029,'1023557',1546,,486,3,0,5 6,0
31029,'1023564',1146,,487,3,0,5 6,0
31029,'1023565',1046,,488,3,0,5 6,0
31029,'1023567',816,,489,3,0,5 6,0
31029,'1023576',1646,,490,3,0,5 6,0
31029,'1023582',716,,491,3,0,5 6,0
31029,'1023584',1346,,492,3,0,5 6,0
46019,'1024244',1317,,493,3,,,0
46019,'1024245',817,,494,3,,,0
46019,'1024250',1147,,495,3,,,0
46019,'1024253',1547,,496,3,,,0
46019,'1024263',717,,497,3,,,0
46019,'1024264',1217,,498,3,,,0
46019,'1024266',747,,499,3,,,0
46019,'1024267',1417,,500,3,,,0
46019,'1024268',1617,,501,3,,,0
46019,'1024271',1447,,502,3,,,0
46019,'1024278',1647,,503,3,,,0
46019,'1024282',1117,,504,3,,,0
46019,'1024288',917,,505,3,,,0
46019,'1024289',1717,,506,3,,,0
46019,'1024295',947,,507,3,,,0
46019,'1024296',1747,,508,3,,,0
46019,'1024297',1817,,509,3,,,0
46019,'1024300',1247,,510,3,,,0
46019,'1024301',847,,511,3,,,0
46019,'1024303',1517,,512,3,,,0
46019,'1024304',1047,,513,3,,,0
46019,'1024309',1347,,514,3,,,0
46019,'1024310',647,,515,3,,,0
46019,'1024312',1017,,516,3,,,0
