56019,'1023995',922,,598,16,,,0
56019,'1023996',1052,,599,16,,,0
56019,'1024001',822,,600,16,,,0
56019,'1024009',1022,,601,16,,,0
56019,'1024011',1825,,602,16,,,0
56019,'1024012',1122,,603,16,,,0
56019,'1024019',1553,,604,16,,,0
56019,'1024026',1523,,605,16,,,0
56019,'1024027',1753,,606,16,,,0
56019,'1024031',1153,,607,16,,,0
56019,'1024039',1453,,608,16,,,0
56019,'1024041',653,,609,16,,,0
56019,'1024069',852,,610,16,,,0
56019,'1024071',953,,611,16,,,0
56019,'1024080',723,,612,16,,,0
56019,'1024083',1653,,613,16,,,0
56019,'1024089',1623,,614,16,,,0
56019,'1024090',1223,,615,16,,,0
56019,'1024116',1322,,616,16,,,0
56019,'1024120',1252,,617,16,,,0
56019,'1024130',1422,,618,16,,,0
56019,'1024135',1352,,619,16,,,0
56019,'1024139',1723,,620,16,,,0
56019,'1024140',752,,621,16,,,0
56019,'1031091',1753,,622,16,,,0
56019,'1031104',1352,,623,16,,,0
56019,'1031125',1553,,624,16,,,0
56019,'1031129',1252,,625,16,,,0
56019,'1031130',922,,626,16,,,0
56019,'1031138',852,,627,16,,,0
56019,'1031146',953,,628,16,,,0
56019,'1031158',1823,,629,16,,,0
56019,'1031174',1653,,630,16,,,0
56019,'1031176',1723,,631,16,,,0
56019,'1031184',1553,,632,16,,,0
56019,'1031187',922,,633,16,,,0
56019,'1031196',822,,634,16,,,0
56019,'1031201',1523,,635,16,,,0
56019,'1031204',1852,,636,16,,,0
56019,'1031209',1823,,637,16,,,0
56019,'1031212',852,,638,16,,,0
56019,'1031229',1322,,639,16,,,0
56019,'1031235',1223,,640,16,,,0
56019,'1031261',1422,,641,16,,,0
56019,'1031274',1153,,642,16,,,0
56019,'1031319',1523,,643,16,,,0
56019,'1031337',1923,,644,16,,,0
56019,'1031343',1923,,645,16,,,0
56019,'1031348',1422,,646,16,,,0
56019,'1031368',1753,,647,16,,,0
56019,'1031370',1052,,648,16,,,0
56019,'1031373',1322,,649,16,,,0
56019,'1031376',1022,,650,16,,,0
56019,'1031386',1223,,651,16,,,0
56019,'1031395',1453,,652,16,,,0
56019,'1031396',1952,,653,16,,,0
56019,'1031404',1623,,654,16,,,0
56019,'1031415',1252,,655,16,,,0
56019,'1031416',1052,,656,16,,,0
56019,'1031419',1122,,657,16,,,0
56019,'1031426',2023,,658,16,,,0
56019,'1031433',1352,,659,16,,,0
56019,'1031449',822,,660,16,,,0
56019,'1031469',1723,,661,16,,,0
56019,'1031476',1122,,662,16,,,0
56019,'1031478',1852,,663,16,,,0
56019,'1031481',1453,,664,16,,,0
56019,'1031515',2052,,665,16,,,0
56019,'1031520',1022,,666,16,,,0
56019,'1031522',1153,,667,16,,,0
56019,'1031528',1623,,668,16,,,0
56019,'1031532',953,,669,16,,,0
56019,'1031539',1653,,670,16,,,0
