22019,'1022997',730,2,291,15,,,0
22019,'1023022',800,42,292,15,,,0
22019,'1023024',830,2,293,15,,,0
22019,'1023029',700,42,294,15,,,0
22019,'1031072',1700,42,295,15,,,0
22019,'1031092',1800,42,296,15,,,0
22019,'1031115',900,42,297,15,,,0
22019,'1031118',1600,42,298,15,,,0
22019,'1031144',1630,2,299,15,,,0
22019,'1031148',1830,2,300,15,,,0
22019,'1031154',1930,2,301,15,,,0
22019,'1031183',1100,42,302,15,,,0
22019,'1031207',1400,42,303,15,,,0
22019,'1031214',930,2,304,15,,,0
22019,'1031231',2030,2,305,15,,,0
22019,'1031242',1900,42,306,15,,,0
22019,'1031254',1130,2,307,15,,,0
22019,'1031263',1000,42,308,15,,,0
22019,'1031347',830,2,309,15,,,0
22019,'1031350',1730,2,310,15,,,0
22019,'1031371',1430,2,311,15,,,0
22019,'1031380',1330,2,312,15,,,0
22019,'1031420',1230,2,313,15,,,0
22019,'1031434',1300,42,314,15,,,0
22019,'1031438',2000,42,315,15,,,0
22019,'1031492',1030,2,316,15,,,0
22019,'1031495',2100,42,317,15,,,0
22019,'1031502',1200,42,318,15,,,0
22019,'1031527',1530,2,319,15,,,0
22019,'1031542',1500,42,320,15,,,0
22019,'1032755',1600,42,321,15,,,0
22019,'1032756',1830,2,322,15,,,0
22019,'1032773',1700,42,323,15,,,0
22019,'1032797',1300,42,324,15,,,0
22019,'1032815',1100,42,325,15,,,0
22019,'1032835',1500,42,326,15,,,0
22019,'1032845',930,2,327,15,,,0
22019,'1032853',1230,2,328,15,,,0
22019,'1032859',1130,2,329,15,,,0
22019,'1032863',1800,42,330,15,,,0
22019,'1032864',1630,2,331,15,,,0
22019,'1032879',1030,2,332,15,,,0
22019,'1032880',1330,2,333,15,,,0
22019,'1032886',1200,42,334,15,,,0
22019,'1032888',1400,42,335,15,,,0
22019,'1032891',1730,2,336,15,,,0
22019,'1032902',900,42,337,15,,,0
22019,'1032903',1000,42,338,15,,,0
22019,'1032927',1430,2,339,15,,,0
22019,'1032931',1530,2,340,15,,,0
