30019,'1022006',1900,42,341,15,,,0
30019,'1022019',2000,42,342,15,,,0
30019,'1022024',1930,2,343,15,,,0
30019,'1022033',2100,42,344,15,,,0
30019,'1022037',2200,42,345,15,,,0
30019,'1022062',2230,2,346,15,,,0
30019,'1022075',2030,2,347,15,,,0
30019,'1022083',2130,2,348,15,,,0
30019,'1031077',957,,349,15,4,,0
30019,'1031079',1100,,350,1,,,0
30019,'1031081',830,,351,1,,,0
30019,'1031082',1427,,352,15,4,,0
30019,'1031084',2027,,353,15,4,,0
30019,'1031086',1000,,354,1,,,0
30019,'1031094',1330,,355,1,,,0
30019,'1031097',1357,,356,15,4,,0
30019,'1031098',1057,,357,15,4,,0
30019,'1031109',927,,358,15,4,,0
30019,'1031133',1800,,359,1,,,0
30019,'1031136',1327,,360,15,4,,0
30019,'1031151',1227,,361,15,4,,0
30019,'1031178',1957,,362,15,4,,0
30019,'1031191',2057,,363,15,4,,0
30019,'1031208',1900,,364,1,,,0
30019,'1031234',1857,,365,15,4,,0
30019,'1031244',1730,,366,1,,,0
30019,'1031251',1127,,367,15,4,,0
30019,'1031253',857,,368,15,4,,0
30019,'1031265',1457,,369,15,4,,0
30019,'1031280',2030,,370,1,,,0
30019,'1031287',1700,,371,1,,,0
30019,'1031290',1727,,372,15,4,,0
30019,'1031295',1200,,373,1,,,0
30019,'1031297',1827,,374,15,4,,0
30019,'1031299',1530,,375,1,,,0
30019,'1031305',1930,,376,1,,,0
30019,'1031307',1527,,377,15,4,,0
30019,'1031308',2000,,378,1,,,0
30019,'1031322',1830,,379,1,,,0
30019,'1031326',1627,,380,15,4,,0
30019,'1031338',1557,,381,15,4,,0
30019,'1031351',1030,,382,1,,,0
30019,'1031352',1027,,383,15,4,,0
30019,'1031361',827,,384,15,4,,0
30019,'1031405',1500,,385,1,,,0
30019,'1031450',1657,,386,15,4,,0
30019,'1031453',1430,,387,1,,,0
30019,'1031454',930,,388,1,,,0
30019,'1031463',1400,,389,1,,,0
30019,'1031464',900,,390,1,,,0
30019,'1031479',1757,,391,15,4,,0
30019,'1031484',2100,,392,1,,,0
30019,'1031490',1630,,393,1,,,0
30019,'1031507',1157,,394,15,4,,0
30019,'1031512',1257,,395,15,4,,0
30019,'1031521',1230,,396,1,,,0
30019,'1031523',1130,,397,1,,,0
30019,'1031524',1927,,398,15,4,,0
30019,'1031531',1600,,399,1,,,0
30019,'1031535',1300,,400,1,,,0
30019,'1031758',1127,,401,15,4,,0
30019,'1031759',1257,,402,15,4,,0
30019,'1031760',1330,,403,1,,,0
30019,'1031761',1000,,404,1,,,0
30019,'1031762',857,,405,15,4,,0
30019,'1031763',1657,,406,15,4,,0
30019,'1031764',1730,,407,1,,,0
30019,'1031765',957,,408,15,4,,0
30019,'1031766',930,,409,1,,,0
30019,'1031767',1630,,410,1,,,0
30019,'1031768',1827,,411,15,4,,0
30019,'1031769',1800,,412,1,,,0
30019,'1031770',1530,,413,1,,,0
30019,'1031771',927,,414,15,4,,0
30019,'1031772',1700,,415,1,,,0
30019,'1031773',1357,,416,15,4,,0
30019,'1031774',900,,417,1,,,0
30019,'1031775',1557,,418,15,4,,0
30019,'1031776',1857,,419,15,4,,0
30019,'1031777',1627,,420,15,4,,0
30019,'1031778',827,,421,15,4,,0
30019,'1031779',1327,,422,15,4,,0
30019,'1031780',1727,,423,15,4,,0
30019,'1031781',1527,,424,15,4,,0
30019,'1031782',1427,,425,15,4,,0
30019,'1031783',1757,,426,15,4,,0
30019,'1031784',830,,427,1,,,0
30019,'1031785',1600,,428,1,,,0
30019,'1031786',1157,,429,15,4,,0
30019,'1031787',1030,,430,1,,,0
30019,'1031788',1130,,431,1,,,0
30019,'1031789',1200,,432,1,,,0
30019,'1031790',1027,,433,15,4,,0
30019,'1031791',1230,,434,1,,,0
30019,'1031792',1900,,435,1,,,0
30019,'1031793',1100,,436,1,,,0
30019,'1031794',1457,,437,15,4,,0
30019,'1031795',1057,,438,15,4,,0
30019,'1031796',1227,,439,15,4,,0
30019,'1031797',1400,,440,1,,,0
30019,'1031798',1830,,441,1,,,0
30019,'1031799',1430,,442,1,,,0
30019,'1031800',1300,,443,1,,,0
30019,'1031801',1500,,444,1,,,0
31019,'1023497',930,,445,1,0,5 6,0
31019,'1023498',1600,,446,1,0,5 6,0
31019,'1023502',1800,,447,1,0,5 6,0
31019,'1023504',1100,,448,1,0,5 6,0
31019,'1023514',1500,,449,1,0,5 6,0
31019,'1023515',830,,450,1,0,5 6,0
31019,'1023516',1330,,451,1,0,5 6,0
31019,'1023523',1430,,452,1,0,5 6,0
31019,'1023524',700,,453,1,0,5 6,0
31019,'1023532',1300,,454,1,0,5 6,0
31019,'1023535',1730,,455,1,0,5 6,0
31019,'1023540',1200,,456,1,0,5 6,0
31019,'1023543',1830,,457,1,0,5 6,0
31019,'1023553',1130,,458,1,0,5 6,0
31019,'1023555',1530,,459,1,0,5 6,0
31019,'1023561',1700,,460,1,0,5 6,0
31019,'1023562',1030,,461,1,0,5 6,0
31019,'1023568',1000,,462,1,0,5 6,0
31019,'1023572',1400,,463,1,0,5 6,0
31019,'1023574',900,,464,1,0,5 6,0
31019,'1023581',1230,,465,1,0,5 6,0
31019,'1023583',800,,466,1,0,5 6,0
31019,'1023586',730,,467,1,0,5 6,0
31019,'1023590',1630,,468,1,0,5 6,0
31029,'1023499',1425,,469,17,4,,0
31029,'1023506',1525,,470,17,4,,0
31029,'1023507',1225,,471,17,4,,0
31029,'1023508',955,,472,17,4,,0
31029,'1023509',755,,473,17,4,,0
31029,'1023511',1455,,474,17,4,,0
31029,'1023513',657,,475,17,4,,0
31029,'1023518',1627,,476,17,4,,0
31029,'1023526',1257,,477,17,4,,0
31029,'1023527',1757,,478,17,4,,0
31029,'1023529',1027,,479,17,4,,0
31029,'1023539',925,,480,17,4,,0
31029,'1023541',855,,481,17,4,,0
31029,'1023542',1325,,482,17,4,,0
31029,'1023546',1127,,483,17,4,,0
31029,'1023552',1727,,484,17,4,,0
31029,'1023556',1827,,485,17,4,,0
31029,'1023557',1555,,486,17,4,,0
31029,'1023564',1157,,487,17,4,,0
31029,'1023565',1057,,488,17,4,,0
31029,'1023567',825,,489,17,4,,0
31029,'1023576',1655,,490,17,4,,0
31029,'1023582',725,,491,17,4,,0
31029,'1023584',1355,,492,17,4,,0
53019,'1024242',1900,,517,1,,,0,26,,517,28,4,,0
53019,'1024246',2030,,518,1,,,0,26,,518,28,4,,0
53019,'1024254',2100,,519,1,,,0,26,,519,28,4,,0
53019,'1024269',2000,,520,1,,,0,26,,520,28,4,,0
53019,'1024272',2130,,521,1,,,0,26,,521,28,4,,0
53019,'1024279',2200,,522,1,,,0,26,,522,28,4,,0
53019,'1024280',1830,,523,1,,,0,26,,523,28,4,,0
53019,'1024313',1930,,524,1,,,0,26,,524,28,4,,0
53019,'1034057',1900,,525,1,,,0,26,,525,25,4,,0
53019,'1034060',730,,526,1,,,0,26,,526,29,4,,0
53019,'1034061',900,,527,1,,,0,26,,527,25,4,,0
53019,'1034064',1100,,528,1,,,0,26,,528,25,4,,0
53019,'1034065',1400,,529,1,,,0,26,,529,29,4,,0
53019,'1034069',1500,,530,1,,,0,26,,530,25,4,,0
53019,'1034070',1530,,531,1,,,0,26,,531,29,4,,0
53019,'1034072',1830,,532,1,,,0,26,,532,25,4,,0
53019,'1034074',930,,533,1,,,0,26,,533,29,4,,0
53019,'1034077',1200,,534,1,,,0,26,,534,25,4,,0
53019,'1034079',1630,,535,1,,,0,26,,535,29,4,,0
53019,'1034082',1730,,536,1,,,0,26,,536,29,4,,0
53019,'1034083',1730,,537,1,,,0,26,,537,25,4,,0
53019,'1034085',1530,,538,1,,,0,26,,538,25,4,,0
53019,'1034087',830,,539,1,,,0,26,,539,29,4,,0
53019,'1034091',830,,540,1,,,0,26,,540,25,4,,0
53019,'1034092',1000,,541,1,,,0,26,,541,25,4,,0
53019,'1034094',1430,,542,1,,,0,26,,542,25,4,,0
53019,'1034095',800,,543,1,,,0,26,,543,25,4,,0
53019,'1034100',1400,,544,1,,,0,26,,544,25,4,,0
53019,'1034102',800,,545,1,,,0,26,,545,29,4,,0
53019,'1034104',1730,,546,1,,,0,26,,546,25,4,,0
53019,'1034105',1400,,547,1,,,0,26,,547,25,4,,0
53019,'1034106',1230,,548,1,,,0,26,,548,29,4,,0
53019,'1034107',1100,,549,1,,,0,26,,549,25,4,,0
53019,'1034108',900,,550,1,,,0,26,,550,25,4,,0
53019,'1034113',1700,,551,1,,,0,26,,551,25,4,,0
53019,'1034115',1130,,552,1,,,0,26,,552,29,4,,0
53019,'1034116',1930,,553,1,,,0,26,,553,25,4,,0
53019,'1034120',1700,,554,1,,,0,26,,554,29,4,,0
53019,'1034121',830,,555,1,,,0,26,,555,25,4,,0
53019,'1034122',700,,556,1,,,0,26,,556,29,4,,0
53019,'1034123',1800,,557,1,,,0,26,,557,25,4,,0
53019,'1034124',1600,,558,1,,,0,26,,558,29,4,,0
53019,'1034126',1630,,559,1,,,0,26,,559,25,4,,0
53019,'1034127',900,,560,1,,,0,26,,560,29,4,,0
53019,'1034128',1330,,561,1,,,0,26,,561,29,4,,0
53019,'1034135',1600,,562,1,,,0,26,,562,25,4,,0
53019,'1034136',1430,,563,1,,,0,26,,563,25,4,,0
53019,'1034139',1230,,564,1,,,0,26,,564,25,4,,0
53019,'1034140',1030,,565,1,,,0,26,,565,25,4,,0
53019,'1034144',800,,566,1,,,0,26,,566,25,4,,0
53019,'1034145',1700,,567,1,,,0,26,,567,25,4,,0
53019,'1034149',1200,,568,1,,,0,26,,568,25,4,,0
53019,'1034150',1130,,569,1,,,0,26,,569,25,4,,0
53019,'1034151',1030,,570,1,,,0,26,,570,29,4,,0
53019,'1034154',1600,,571,1,,,0,26,,571,25,4,,0
53019,'1034155',1300,,572,1,,,0,26,,572,25,4,,0
53019,'1034157',2030,,573,1,,,0,26,,573,25,4,,0
53019,'1034158',1030,,574,1,,,0,26,,574,25,4,,0
53019,'1034161',1000,,575,1,,,0,26,,575,25,4,,0
53019,'1034162',1130,,576,1,,,0,26,,576,25,4,,0
53019,'1034165',1500,,577,1,,,0,26,,577,29,4,,0
53019,'1034168',1200,,578,1,,,0,26,,578,29,4,,0
53019,'1034169',2000,,579,1,,,0,26,,579,25,4,,0
53019,'1034178',1300,,580,1,,,0,26,,580,29,4,,0
53019,'1034179',1530,,581,1,,,0,26,,581,25,4,,0
53019,'1034182',1800,,582,1,,,0,26,,582,25,4,,0
53019,'1034183',930,,583,1,,,0,26,,583,25,4,,0
53019,'1034185',1230,,584,1,,,0,26,,584,25,4,,0
53019,'1034187',930,,585,1,,,0,26,,585,25,4,,0
53019,'1034190',1330,,586,1,,,0,26,,586,25,4,,0
53019,'1034192',1800,,587,1,,,0,26,,587,29,4,,0
53019,'1034193',1330,,588,1,,,0,26,,588,25,4,,0
53019,'1034194',1100,,589,1,,,0,26,,589,29,4,,0
53019,'1034195',1900,,590,1,,,0,26,,590,25,4,,0
53019,'1034196',1000,,591,1,,,0,26,,591,29,4,,0
53019,'1034198',1830,,592,1,,,0,26,,592,25,4,,0
53019,'1034199',1500,,593,1,,,0,26,,593,25,4,,0
53019,'1034200',1300,,594,1,,,0,26,,594,25,4,,0
53019,'1034202',1630,,595,1,,,0,26,,595,25,4,,0
53019,'1034204',1430,,596,1,,,0,26,,596,29,4,,0
53019,'1034205',630,,597,1,,,0,26,,597,29,4,,0
56019,'1023995',900,,598,1,,,0,25,,598,17,4,,0
56019,'1023996',1030,,599,1,,,0,25,,599,17,4,,0
56019,'1024001',800,,600,1,,,0,25,,600,17,4,,0
56019,'1024009',1000,,601,1,,,0,25,,601,17,4,,0
56019,'1024011',1800,,602,1,,,0,28,,602,17,4,,0
56019,'1024012',1100,,603,1,,,0,25,,603,17,4,,0
56019,'1024019',1530,,604,1,,,0,25,,604,17,4,,0
56019,'1024026',1500,,605,1,,,0,25,,605,17,4,,0
56019,'1024027',1730,,606,1,,,0,25,,606,17,4,,0
56019,'1024031',1130,,607,1,,,0,25,,607,17,4,,0
56019,'1024039',1430,,608,1,,,0,25,,608,17,4,,0
56019,'1024041',630,,609,1,,,0,25,,609,17,4,,0
56019,'1024069',830,,610,1,,,0,25,,610,17,4,,0
56019,'1024071',930,,611,1,,,0,25,,611,17,4,,0
56019,'1024080',700,,612,1,,,0,25,,612,17,4,,0
56019,'1024083',1630,,613,1,,,0,25,,613,17,4,,0
56019,'1024089',1600,,614,1,,,0,25,,614,17,4,,0
56019,'1024090',1200,,615,1,,,0,25,,615,17,4,,0
56019,'1024116',1300,,616,1,,,0,25,,616,17,4,,0
56019,'1024120',1230,,617,1,,,0,25,,617,17,4,,0
56019,'1024130',1400,,618,1,,,0,25,,618,17,4,,0
56019,'1024135',1330,,619,1,,,0,25,,619,17,4,,0
56019,'1024139',1700,,620,1,,,0,25,,620,17,4,,0
56019,'1024140',730,,621,1,,,0,25,,621,17,4,,0
56019,'1031091',1730,,622,1,,,0,25,,622,17,4,,0
56019,'1031104',1330,,623,1,,,0,25,,623,17,4,,0
56019,'1031125',1530,,624,1,,,0,25,,624,17,4,,0
56019,'1031129',1230,,625,1,,,0,25,,625,17,4,,0
56019,'1031130',900,,626,1,,,0,25,,626,17,4,,0
56019,'1031138',830,,627,1,,,0,25,,627,17,4,,0
56019,'1031146',930,,628,1,,,0,25,,628,17,4,,0
56019,'1031158',1800,,629,1,,,0,25,,629,17,4,,0
56019,'1031174',1630,,630,1,,,0,25,,630,17,4,,0
56019,'1031176',1700,,631,1,,,0,25,,631,17,4,,0
56019,'1031184',1530,,632,1,,,0,25,,632,17,4,,0
56019,'1031187',900,,633,1,,,0,25,,633,17,4,,0
56019,'1031196',800,,634,1,,,0,25,,634,17,4,,0
56019,'1031201',1500,,635,1,,,0,25,,635,17,4,,0
56019,'1031204',1830,,636,1,,,0,25,,636,17,4,,0
56019,'1031209',1800,,637,1,,,0,25,,637,17,4,,0
56019,'1031212',830,,638,1,,,0,25,,638,17,4,,0
56019,'1031229',1300,,639,1,,,0,25,,639,17,4,,0
56019,'1031235',1200,,640,1,,,0,25,,640,17,4,,0
56019,'1031261',1400,,641,1,,,0,25,,641,17,4,,0
56019,'1031274',1130,,642,1,,,0,25,,642,17,4,,0
56019,'1031319',1500,,643,1,,,0,25,,643,17,4,,0
56019,'1031337',1900,,644,1,,,0,25,,644,17,4,,0
56019,'1031343',1900,,645,1,,,0,25,,645,17,4,,0
56019,'1031348',1400,,646,1,,,0,25,,646,17,4,,0
56019,'1031368',1730,,647,1,,,0,25,,647,17,4,,0
56019,'1031370',1030,,648,1,,,0,25,,648,17,4,,0
56019,'1031373',1300,,649,1,,,0,25,,649,17,4,,0
56019,'1031376',1000,,650,1,,,0,25,,650,17,4,,0
56019,'1031386',1200,,651,1,,,0,25,,651,17,4,,0
56019,'1031395',1430,,652,1,,,0,25,,652,17,4,,0
56019,'1031396',1930,,653,1,,,0,25,,653,17,4,,0
56019,'1031404',1600,,654,1,,,0,25,,654,17,4,,0
56019,'1031415',1230,,655,1,,,0,25,,655,17,4,,0
56019,'1031416',1030,,656,1,,,0,25,,656,17,4,,0
56019,'1031419',1100,,657,1,,,0,25,,657,17,4,,0
56019,'1031426',2000,,658,1,,,0,25,,658,17,4,,0
56019,'1031433',1330,,659,1,,,0,25,,659,17,4,,0
56019,'1031449',800,,660,1,,,0,25,,660,17,4,,0
56019,'1031469',1700,,661,1,,,0,25,,661,17,4,,0
56019,'1031476',1100,,662,1,,,0,25,,662,17,4,,0
56019,'1031478',1830,,663,1,,,0,25,,663,17,4,,0
56019,'1031481',1430,,664,1,,,0,25,,664,17,4,,0
56019,'1031515',2030,,665,1,,,0,25,,665,17,4,,0
56019,'1031520',1000,,666,1,,,0,25,,666,17,4,,0
56019,'1031522',1130,,667,1,,,0,25,,667,17,4,,0
56019,'1031528',1600,,668,1,,,0,25,,668,17,4,,0
56019,'1031532',930,,669,1,,,0,25,,669,17,4,,0
56019,'1031539',1630,,670,1,,,0,25,,670,17,4,,0
61019,'1023602',2200,,671,1,,,0,26,,671,31,4,,0
61019,'1023604',1030,,672,1,,,0,26,,672,25,4,,0
61019,'1023607',1130,,673,1,,,0,26,,673,25,4,,0
61019,'1023608',1500,,674,1,,,0,26,,674,25,4,,0
61019,'1023609',1530,,675,1,,,0,26,,675,25,4,,0
61019,'1023612',730,,676,1,,,0,26,,676,25,4,,0
61019,'1023613',1330,,677,1,,,0,26,,677,25,4,,0
61019,'1023615',2030,,678,1,,,0,26,,678,31,4,,0
61019,'1023616',1600,,679,1,,,0,26,,679,25,4,,0
61019,'1023617',700,,680,1,,,0,26,,680,25,4,,0
61019,'1023618',1800,,681,1,,,0,26,,681,25,4,,0
61019,'1023622',2130,,682,1,,,0,26,,682,31,4,,0
61019,'1023625',1300,,683,1,,,0,26,,683,25,4,,0
61019,'1023627',1830,,684,1,,,0,26,,684,31,4,,0
61019,'1023628',1900,,685,1,,,0,26,,685,31,4,,0
61019,'1023629',930,,686,1,,,0,26,,686,25,4,,0
61019,'1023630',1430,,687,1,,,0,26,,687,25,4,,0
61019,'1023631',630,,688,1,,,0,26,,688,25,4,,0
61019,'1023633',1400,,689,1,,,0,26,,689,25,4,,0
61019,'1023634',1630,,690,1,,,0,26,,690,25,4,,0
61019,'1023637',830,,691,1,,,0,26,,691,25,4,,0
61019,'1023640',2000,,692,1,,,0,26,,692,31,4,,0
61019,'1023642',900,,693,1,,,0,26,,693,25,4,,0
61019,'1023643',1700,,694,1,,,0,26,,694,25,4,,0
61019,'1023646',1730,,695,1,,,0,26,,695,25,4,,0
61019,'1023647',1230,,696,1,,,0,26,,696,25,4,,0
61019,'1023649',1930,,697,1,,,0,26,,697,31,4,,0
61019,'1023650',1100,,698,1,,,0,26,,698,25,4,,0
61019,'1023651',1000,,699,1,,,0,26,,699,25,4,,0
61019,'1023653',800,,700,1,,,0,26,,700,25,4,,0
61019,'1023654',2100,,701,1,,,0,26,,701,31,4,,0
61019,'1023655',1200,,702,1,,,0,26,,702,25,4,,0
61019,'1031073',1130,,703,1,,,0,26,,703,25,4,,0
61019,'1031088',1000,,704,1,,,0,26,,704,25,4,,0
61019,'1031106',1530,,705,1,,,0,26,,705,25,4,,0
61019,'1031112',1530,,706,1,,,0,26,,706,25,4,,0
61019,'1031128',930,,707,1,,,0,26,,707,25,4,,0
61019,'1031140',1000,,708,1,,,0,26,,708,25,4,,0
61019,'1031141',1130,,709,1,,,0,26,,709,25,4,,0
61019,'1031143',1330,,710,1,,,0,26,,710,25,4,,0
61019,'1031150',1800,,711,1,,,0,26,,711,25,4,,0
61019,'1031153',1930,,712,1,,,0,26,,712,25,4,,0
61019,'1031155',1330,,713,1,,,0,26,,713,25,4,,0
61019,'1031162',1600,,714,1,,,0,26,,714,25,4,,0
61019,'1031165',1830,,715,1,,,0,26,,715,25,4,,0
61019,'1031173',1300,,716,1,,,0,26,,716,25,4,,0
61019,'1031179',1100,,717,1,,,0,26,,717,25,4,,0
61019,'1031199',1230,,718,1,,,0,26,,718,25,4,,0
61019,'1031206',1300,,719,1,,,0,26,,719,25,4,,0
61019,'1031222',1730,,720,1,,,0,26,,720,25,4,,0
61019,'1031225',900,,721,1,,,0,26,,721,25,4,,0
61019,'1031226',2000,,722,1,,,0,26,,722,25,4,,0
61019,'1031228',1830,,723,1,,,0,26,,723,25,4,,0
61019,'1031252',830,,724,1,,,0,26,,724,25,4,,0
61019,'1031258',830,,725,1,,,0,26,,725,25,4,,0
61019,'1031260',800,,726,1,,,0,26,,726,25,4,,0
61019,'1031277',1700,,727,1,,,0,26,,727,25,4,,0
61019,'1031293',1500,,728,1,,,0,26,,728,25,4,,0
61019,'1031304',1400,,729,1,,,0,26,,729,25,4,,0
61019,'1031313',1100,,730,1,,,0,26,,730,25,4,,0
61019,'1031330',1430,,731,1,,,0,26,,731,25,4,,0
61019,'1031331',2030,,732,1,,,0,26,,732,25,4,,0
61019,'1031335',800,,733,1,,,0,26,,733,25,4,,0
61019,'1031357',1400,,734,1,,,0,26,,734,25,4,,0
61019,'1031359',1800,,735,1,,,0,26,,735,25,4,,0
61019,'1031360',1900,,736,1,,,0,26,,736,25,4,,0
61019,'1031362',1030,,737,1,,,0,26,,737,25,4,,0
61019,'1031375',1500,,738,1,,,0,26,,738,25,4,,0
61019,'1031384',1630,,739,1,,,0,26,,739,25,4,,0
61019,'1031388',1200,,740,1,,,0,26,,740,25,4,,0
61019,'1031391',1900,,741,1,,,0,26,,741,25,4,,0
61019,'1031407',1730,,742,1,,,0,26,,742,25,4,,0
61019,'1031411',1200,,743,1,,,0,26,,743,25,4,,0
61019,'1031414',900,,744,1,,,0,26,,744,25,4,,0
61019,'1031435',1600,,745,1,,,0,26,,745,25,4,,0
61019,'1031457',1630,,746,1,,,0,26,,746,25,4,,0
61019,'1031462',1230,,747,1,,,0,26,,747,25,4,,0
61019,'1031483',930,,748,1,,,0,26,,748,25,4,,0
61019,'1031501',1430,,749,1,,,0,26,,749,25,4,,0
61019,'1031516',1030,,750,1,,,0,26,,750,25,4,,0
61019,'1031526',1700,,751,1,,,0,26,,751,25,4,,0
