30019,'1022006',1857,,341,14,,,0
30019,'1022019',1957,,342,14,,,0
30019,'1022024',1927,,343,14,,,0
30019,'1022033',2057,,344,14,,,0
30019,'1022037',2157,,345,14,,,0
30019,'1022062',2227,,346,14,,,0
30019,'1022075',2027,,347,14,,,0
30019,'1022083',2127,,348,14,,,0
30019,'1031077',956,,349,14,,,0
30019,'1031082',1426,,352,14,,,0
30019,'1031084',2026,,353,14,,,0
30019,'1031097',1356,,356,14,,,0
30019,'1031098',1056,,357,14,,,0
30019,'1031109',926,,358,14,,,0
30019,'1031136',1326,,360,14,,,0
30019,'1031151',1226,,361,14,,,0
30019,'1031178',1956,,362,14,,,0
30019,'1031191',2056,,363,14,,,0
30019,'1031234',1856,,365,14,,,0
30019,'1031251',1126,,367,14,,,0
30019,'1031253',856,,368,14,,,0
30019,'1031265',1456,,369,14,,,0
30019,'1031290',1726,,372,14,,,0
30019,'1031297',1826,,374,14,,,0
30019,'1031307',1526,,377,14,,,0
30019,'1031326',1626,,380,14,,,0
30019,'1031338',1556,,381,14,,,0
30019,'1031352',1026,,383,14,,,0
30019,'1031361',826,,384,14,,,0
30019,'1031450',1656,,386,14,,,0
30019,'1031479',1756,,391,14,,,0
30019,'1031507',1156,,394,14,,,0
30019,'1031512',1256,,395,14,,,0
30019,'1031524',1926,,398,14,,,0
30019,'1031758',1126,,401,14,,,0
30019,'1031759',1256,,402,14,,,0
30019,'1031762',856,,405,14,,,0
30019,'1031763',1656,,406,14,,,0
30019,'1031765',956,,408,14,,,0
30019,'1031768',1826,,411,14,,,0
30019,'1031771',926,,414,14,,,0
30019,'1031773',1356,,416,14,,,0
30019,'1031775',1556,,418,14,,,0
30019,'1031776',1856,,419,14,,,0
30019,'1031777',1626,,420,14,,,0
30019,'1031778',826,,421,14,,,0
30019,'1031779',1326,,422,14,,,0
30019,'1031780',1726,,423,14,,,0
30019,'1031781',1526,,424,14,,,0
30019,'1031782',1426,,425,14,,,0
30019,'1031783',1756,,426,14,,,0
30019,'1031786',1156,,429,14,,,0
30019,'1031790',1026,,433,14,,,0
30019,'1031794',1456,,437,14,,,0
30019,'1031795',1056,,438,14,,,0
30019,'1031796',1226,,439,14,,,0
31029,'1023499',1424,,469,16,0,5 6,0
31029,'1023506',1524,,470,16,0,5 6,0
31029,'1023507',1224,,471,16,0,5 6,0
31029,'1023508',954,,472,16,0,5 6,0
31029,'1023509',754,,473,16,0,5 6,0
31029,'1023511',1454,,474,16,0,5 6,0
31029,'1023513',656,,475,16,0,5 6,0
31029,'1023518',1626,,476,16,0,5 6,0
31029,'1023526',1256,,477,16,0,5 6,0
31029,'1023527',1756,,478,16,0,5 6,0
31029,'1023529',1026,,479,16,0,5 6,0
31029,'1023539',924,,480,16,0,5 6,0
31029,'1023541',854,,481,16,0,5 6,0
31029,'1023542',1324,,482,16,0,5 6,0
31029,'1023546',1126,,483,16,0,5 6,0
31029,'1023552',1726,,484,16,0,5 6,0
31029,'1023556',1826,,485,16,0,5 6,0
31029,'1023557',1554,,486,16,0,5 6,0
31029,'1023564',1156,,487,16,0,5 6,0
31029,'1023565',1056,,488,16,0,5 6,0
31029,'1023567',824,,489,16,0,5 6,0
31029,'1023576',1654,,490,16,0,5 6,0
31029,'1023582',724,,491,16,0,5 6,0
31029,'1023584',1354,,492,16,0,5 6,0
53019,'1024242',1925,,517,27,,,0
53019,'1024246',2055,,518,27,,,0
53019,'1024254',2125,,519,27,,,0
53019,'1024269',2025,,520,27,,,0
53019,'1024272',2155,,521,27,,,0
53019,'1024279',2225,,522,27,,,0
53019,'1024280',1855,,523,27,,,0
53019,'1024313',1955,,524,27,,,0
53019,'1034057',1925,,525,24,,,0
53019,'1034060',755,,526,28,,,0
53019,'1034061',925,,527,24,,,0
53019,'1034064',1125,,528,24,,,0
53019,'1034065',1425,,529,28,,,0
53019,'1034069',1525,,530,24,,,0
53019,'1034070',1555,,531,28,,,0
53019,'1034072',1855,,532,24,,,0
53019,'1034074',955,,533,28,,,0
53019,'1034077',1225,,534,24,,,0
53019,'1034079',1655,,535,28,,,0
53019,'1034082',1755,,536,28,,,0
53019,'1034083',1755,,537,24,,,0
53019,'1034085',1555,,538,24,,,0
53019,'1034087',855,,539,28,,,0
53019,'1034091',855,,540,24,,,0
53019,'1034092',1025,,541,24,,,0
53019,'1034094',1455,,542,24,,,0
53019,'1034095',825,,543,24,,,0
53019,'1034100',1425,,544,24,,,0
53019,'1034102',825,,545,28,,,0
53019,'1034104',1755,,546,24,,,0
53019,'1034105',1425,,547,24,,,0
53019,'1034106',1255,,548,28,,,0
53019,'1034107',1125,,549,24,,,0
53019,'1034108',925,,550,24,,,0
53019,'1034113',1725,,551,24,,,0
53019,'1034115',1155,,552,28,,,0
53019,'1034116',1955,,553,24,,,0
53019,'1034120',1725,,554,28,,,0
53019,'1034121',855,,555,24,,,0
53019,'1034122',725,,556,28,,,0
53019,'1034123',1825,,557,24,,,0
53019,'1034124',1625,,558,28,,,0
53019,'1034126',1655,,559,24,,,0
53019,'1034127',925,,560,28,,,0
53019,'1034128',1355,,561,28,,,0
53019,'1034135',1625,,562,24,,,0
53019,'1034136',1455,,563,24,,,0
53019,'1034139',1255,,564,24,,,0
53019,'1034140',1055,,565,24,,,0
53019,'1034144',825,,566,24,,,0
53019,'1034145',1725,,567,24,,,0
53019,'1034149',1225,,568,24,,,0
53019,'1034150',1155,,569,24,,,0
53019,'1034151',1055,,570,28,,,0
53019,'1034154',1625,,571,24,,,0
53019,'1034155',1325,,572,24,,,0
53019,'1034157',2055,,573,24,,,0
53019,'1034158',1055,,574,24,,,0
53019,'1034161',1025,,575,24,,,0
53019,'1034162',1155,,576,24,,,0
53019,'1034165',1525,,577,28,,,0
53019,'1034168',1225,,578,28,,,0
53019,'1034169',2025,,579,24,,,0
53019,'1034178',1325,,580,28,,,0
53019,'1034179',1555,,581,24,,,0
53019,'1034182',1825,,582,24,,,0
53019,'1034183',955,,583,24,,,0
53019,'1034185',1255,,584,24,,,0
53019,'1034187',955,,585,24,,,0
53019,'1034190',1355,,586,24,,,0
53019,'1034192',1825,,587,28,,,0
53019,'1034193',1355,,588,24,,,0
53019,'1034194',1125,,589,28,,,0
53019,'1034195',1925,,590,24,,,0
53019,'1034196',1025,,591,28,,,0
53019,'1034198',1855,,592,24,,,0
53019,'1034199',1525,,593,24,,,0
53019,'1034200',1325,,594,24,,,0
53019,'1034202',1655,,595,24,,,0
53019,'1034204',1455,,596,28,,,0
53019,'1034205',655,,597,28,,,0
61019,'1023602',2225,,671,30,,,0
61019,'1023604',1055,3,672,24,,,0
61019,'1023607',1155,,673,24,,,0
61019,'1023608',1525,,674,24,,,0
61019,'1023609',1555,,675,24,,,0
61019,'1023612',754,,676,24,,,0
61019,'1023613',1355,,677,24,,,0
61019,'1023615',2055,,678,30,,,0
61019,'1023616',1625,,679,24,,,0
61019,'1023617',725,,680,24,,,0
61019,'1023618',1825,,681,24,,,0
61019,'1023622',2155,,682,30,,,0
61019,'1023625',1325,,683,24,,,0
61019,'1023627',1855,,684,30,,,0
61019,'1023628',1925,,685,30,,,0
61019,'1023629',955,,686,24,,,0
61019,'1023630',1455,,687,24,,,0
61019,'1023631',655,,688,24,,,0
61019,'1023633',1425,,689,24,,,0
61019,'1023634',1655,,690,24,,,0
61019,'1023637',855,,691,24,,,0
61019,'1023640',2025,,692,30,,,0
61019,'1023642',925,,693,24,,,0
61019,'1023643',1725,,694,24,,,0
61019,'1023646',1755,,695,24,,,0
61019,'1023647',1255,,696,24,,,0
61019,'1023649',1955,,697,30,,,0
61019,'1023650',1125,,698,24,,,0
61019,'1023651',1025,,699,24,,,0
61019,'1023653',825,,700,24,,,0
61019,'1023654',2125,,701,30,,,0
61019,'1023655',1225,,702,24,,,0
61019,'1031073',1155,,703,24,,,0
61019,'1031088',1025,,704,24,,,0
61019,'1031106',1555,,705,24,,,0
61019,'1031112',1555,,706,24,,,0
61019,'1031128',955,,707,24,,,0
61019,'1031140',1025,,708,24,,,0
61019,'1031141',1155,,709,24,,,0
61019,'1031143',1355,,710,24,,,0
61019,'1031150',1825,,711,24,,,0
61019,'1031153',1955,,712,24,,,0
61019,'1031155',1355,,713,24,,,0
61019,'1031162',1625,,714,24,,,0
61019,'1031165',1855,,715,24,,,0
61019,'1031173',1325,,716,24,,,0
61019,'1031179',1125,,717,24,,,0
61019,'1031199',1255,,718,24,,,0
61019,'1031206',1325,,719,24,,,0
61019,'1031222',1755,,720,24,,,0
61019,'1031225',925,,721,24,,,0
61019,'1031226',2025,,722,24,,,0
61019,'1031228',1855,,723,24,,,0
61019,'1031252',855,,724,24,,,0
61019,'1031258',855,,725,24,,,0
61019,'1031260',825,,726,24,,,0
61019,'1031277',1725,,727,24,,,0
61019,'1031293',1525,,728,24,,,0
61019,'1031304',1425,,729,24,,,0
61019,'1031313',1125,,730,24,,,0
61019,'1031330',1455,,731,24,,,0
61019,'1031331',2055,,732,24,,,0
61019,'1031335',825,,733,24,,,0
61019,'1031357',1425,,734,24,,,0
61019,'1031359',1825,,735,24,,,0
61019,'1031360',1925,,736,24,,,0
61019,'1031362',1055,,737,24,,,0
61019,'1031375',1525,,738,24,,,0
61019,'1031384',1655,,739,24,,,0
61019,'1031388',1225,,740,24,,,0
61019,'1031391',1925,,741,24,,,0
61019,'1031407',1755,,742,24,,,0
61019,'1031411',1225,,743,24,,,0
61019,'1031414',925,,744,24,,,0
61019,'1031435',1625,,745,24,,,0
61019,'1031457',1655,,746,24,,,0
61019,'1031462',1255,,747,24,,,0
61019,'1031483',955,,748,24,,,0
61019,'1031501',1455,,749,24,,,0
61019,'1031516',1055,,750,24,,,0
61019,'1031526',1725,,751,24,,,0
