53019,'1024242',1920,2,517,20,,,0
53019,'1024246',2050,2,518,20,,,0
53019,'1024254',2120,2,519,20,,,0
53019,'1024269',2020,2,520,20,,,0
53019,'1024272',2150,2,521,20,,,0
53019,'1024279',2220,2,522,20,,,0
53019,'1024280',1850,2,523,20,,,0
53019,'1024313',1950,2,524,20,,,0
53019,'1034057',1920,2,525,17,,,0
53019,'1034060',750,2,526,21,,,0
53019,'1034061',920,2,527,17,,,0
53019,'1034064',1120,2,528,17,,,0
53019,'1034065',1420,2,529,21,,,0
53019,'1034069',1520,2,530,17,,,0
53019,'1034070',1550,2,531,21,,,0
53019,'1034072',1850,2,532,17,,,0
53019,'1034074',950,2,533,21,,,0
53019,'1034077',1220,2,534,17,,,0
53019,'1034079',1650,2,535,21,,,0
53019,'1034082',1750,2,536,21,,,0
53019,'1034083',1750,2,537,17,,,0
53019,'1034085',1550,2,538,17,,,0
53019,'1034087',850,2,539,21,,,0
53019,'1034091',850,2,540,17,,,0
53019,'1034092',1020,2,541,17,,,0
53019,'1034094',1450,2,542,17,,,0
53019,'1034095',820,2,543,17,,,0
53019,'1034100',1420,2,544,17,,,0
53019,'1034102',820,2,545,21,,,0
53019,'1034104',1750,2,546,17,,,0
53019,'1034105',1420,2,547,17,,,0
53019,'1034106',1250,2,548,21,,,0
53019,'1034107',1120,2,549,17,,,0
53019,'1034108',920,2,550,17,,,0
53019,'1034113',1720,2,551,17,,,0
53019,'1034115',1150,2,552,21,,,0
53019,'1034116',1950,2,553,17,,,0
53019,'1034120',1720,2,554,21,,,0
53019,'1034121',850,2,555,17,,,0
53019,'1034122',720,2,556,21,,,0
53019,'1034123',1820,2,557,17,,,0
53019,'1034124',1620,2,558,21,,,0
53019,'1034126',1650,2,559,17,,,0
53019,'1034127',920,2,560,21,,,0
53019,'1034128',1350,2,561,21,,,0
53019,'1034135',1620,2,562,17,,,0
53019,'1034136',1450,2,563,17,,,0
53019,'1034139',1250,2,564,17,,,0
53019,'1034140',1050,2,565,17,,,0
53019,'1034144',820,2,566,17,,,0
53019,'1034145',1720,2,567,17,,,0
53019,'1034149',1220,2,568,17,,,0
53019,'1034150',1150,2,569,17,,,0
53019,'1034151',1050,2,570,21,,,0
53019,'1034154',1620,2,571,17,,,0
53019,'1034155',1320,2,572,17,,,0
53019,'1034157',2050,2,573,17,,,0
53019,'1034158',1050,2,574,17,,,0
53019,'1034161',1020,2,575,17,,,0
53019,'1034162',1150,2,576,17,,,0
53019,'1034165',1520,2,577,21,,,0
53019,'1034168',1220,2,578,21,,,0
53019,'1034169',2020,2,579,17,,,0
53019,'1034178',1320,2,580,21,,,0
53019,'1034179',1550,2,581,17,,,0
53019,'1034182',1820,2,582,17,,,0
53019,'1034183',950,2,583,17,,,0
53019,'1034185',1250,2,584,17,,,0
53019,'1034187',950,2,585,17,,,0
53019,'1034190',1350,2,586,17,,,0
53019,'1034192',1820,2,587,21,,,0
53019,'1034193',1350,2,588,17,,,0
53019,'1034194',1120,2,589,21,,,0
53019,'1034195',1920,2,590,17,,,0
53019,'1034196',1020,2,591,21,,,0
53019,'1034198',1850,2,592,17,,,0
53019,'1034199',1520,2,593,17,,,0
53019,'1034200',1320,2,594,17,,,0
53019,'1034202',1650,2,595,17,,,0
53019,'1034204',1450,2,596,21,,,0
53019,'1034205',650,2,597,21,,,0
