21019,'1021456',1056,,211,14,,,0
21019,'1021471',1656,,212,14,,,0
21019,'1021474',1826,,213,14,,,0
21019,'1021550',1026,,214,14,,,0
21019,'1021570',926,,215,14,,,0
21019,'1021573',1456,,216,14,,,0
21019,'1021593',1356,,217,14,,,0
21019,'1021602',1126,,218,14,,,0
21019,'1021624',956,,219,14,,,0
21019,'1021627',756,,220,14,,,0
21019,'1021655',826,,221,14,,,0
21019,'1021727',1556,,222,14,,,0
21019,'1021738',1226,,223,14,,,0
21019,'1021744',856,,224,14,,,0
21019,'1021749',726,,225,14,,,0
21019,'1021766',1626,,226,14,,,0
21019,'1021767',1756,,227,14,,,0
21019,'1021782',1326,,228,14,,,0
21019,'1021819',1256,,229,14,,,0
21019,'1021826',1526,,230,14,,,0
21019,'1021829',1426,,231,14,,,0
21019,'1021844',656,,232,14,,,0
21019,'1021899',1156,,233,14,,,0
21019,'1021900',1726,,234,14,,,0
21019,'1026826',2126,,235,14,,,0
21019,'1026827',1926,,236,14,,,0
21019,'1026835',2156,,237,14,,,0
21019,'1026837',1856,,238,14,,,0
21019,'1026853',2026,,239,14,,,0
21019,'1026855',1956,,240,14,,,0
21019,'1026862',2226,,241,14,,,0
21019,'1026866',2056,,242,14,,,0
21019,'1031071',1826,,243,14,,,0
21019,'1031083',1456,,244,14,,,0
21019,'1031101',1826,,245,14,,,0
21019,'1031108',1656,,246,14,,,0
21019,'1031131',1726,,247,14,,,0
21019,'1031137',1856,,248,14,,,0
21019,'1031145',856,,249,14,,,0
21019,'1031147',1526,,250,14,,,0
21019,'1031161',956,,251,14,,,0
21019,'1031163',1926,,252,14,,,0
21019,'1031195',1626,,253,14,,,0
21019,'1031197',1256,,254,14,,,0
21019,'1031215',926,,255,14,,,0
21019,'1031216',856,,256,14,,,0
21019,'1031218',1526,,257,14,,,0
21019,'1031220',1956,,258,14,,,0
21019,'1031241',1226,,259,14,,,0
21019,'1031247',1656,,260,14,,,0
21019,'1031256',1356,,261,14,,,0
21019,'1031262',2026,,262,14,,,0
21019,'1031266',1856,,263,14,,,0
21019,'1031268',1256,,264,14,,,0
21019,'1031279',1156,,265,14,,,0
21019,'1031281',1026,,266,14,,,0
21019,'1031285',1056,,267,14,,,0
21019,'1031298',1756,,268,14,,,0
21019,'1031311',1726,,269,14,,,0
21019,'1031314',956,,270,14,,,0
21019,'1031315',1556,,271,14,,,0
21019,'1031328',1126,,272,14,,,0
21019,'1031332',826,,273,14,,,0
21019,'1031341',2056,,274,14,,,0
21019,'1031345',1326,,275,14,,,0
21019,'1031349',1456,,276,14,,,0
21019,'1031358',1556,,277,14,,,0
21019,'1031372',1156,,278,14,,,0
21019,'1031382',1426,,279,14,,,0
21019,'1031418',1126,,280,14,,,0
21019,'1031425',1626,,281,14,,,0
21019,'1031432',1326,,282,14,,,0
21019,'1031446',1426,,283,14,,,0
21019,'1031447',1356,,284,14,,,0
21019,'1031451',1026,,285,14,,,0
21019,'1031456',926,,286,14,,,0
21019,'1031460',826,,287,14,,,0
21019,'1031465',1056,,288,14,,,0
21019,'1031508',1756,,289,14,,,0
21019,'1031525',1226,,290,14,,,0
