30019,'1022006',1848,,341,5,,,0
30019,'1022019',1948,,342,5,,,0
30019,'1022024',1918,,343,5,,,0
30019,'1022033',2048,,344,5,,,0
30019,'1022037',2148,,345,5,,,0
30019,'1022062',2218,,346,5,,,0
30019,'1022075',2018,,347,5,,,0
30019,'1022083',2118,,348,5,,,0
30019,'1031077',948,,349,5,,,0
30019,'1031082',1418,,352,5,,,0
30019,'1031084',2018,,353,5,,,0
30019,'1031097',1348,,356,5,,,0
30019,'1031098',1048,,357,5,,,0
30019,'1031109',918,,358,5,,,0
30019,'1031136',1318,,360,5,,,0
30019,'1031151',1218,,361,5,,,0
30019,'1031178',1948,,362,5,,,0
30019,'1031191',2048,,363,5,,,0
30019,'1031234',1848,,365,5,,,0
30019,'1031251',1118,,367,5,,,0
30019,'1031253',848,,368,5,,,0
30019,'1031265',1448,,369,5,,,0
30019,'1031290',1718,,372,5,,,0
30019,'1031297',1818,,374,5,,,0
30019,'1031307',1518,,377,5,,,0
30019,'1031326',1618,,380,5,,,0
30019,'1031338',1548,,381,5,,,0
30019,'1031352',1018,,383,5,,,0
30019,'1031361',818,,384,5,,,0
30019,'1031450',1648,,386,5,,,0
30019,'1031479',1748,,391,5,,,0
30019,'1031507',1148,,394,5,,,0
30019,'1031512',1248,,395,5,,,0
30019,'1031524',1918,,398,5,,,0
30019,'1031758',1118,,401,5,,,0
30019,'1031759',1248,,402,5,,,0
30019,'1031762',848,,405,5,,,0
30019,'1031763',1648,,406,5,,,0
30019,'1031765',948,,408,5,,,0
30019,'1031768',1818,,411,5,,,0
30019,'1031771',918,,414,5,,,0
30019,'1031773',1348,,416,5,,,0
30019,'1031775',1548,,418,5,,,0
30019,'1031776',1848,,419,5,,,0
30019,'1031777',1618,,420,5,,,0
30019,'1031778',818,,421,5,,,0
30019,'1031779',1318,,422,5,,,0
30019,'1031780',1718,,423,5,,,0
30019,'1031781',1518,,424,5,,,0
30019,'1031782',1418,,425,5,,,0
30019,'1031783',1748,,426,5,,,0
30019,'1031786',1148,,429,5,,,0
30019,'1031790',1018,,433,5,,,0
30019,'1031794',1448,,437,5,,,0
30019,'1031795',1048,,438,5,,,0
30019,'1031796',1218,,439,5,,,0
31029,'1023499',1417,,469,5,0,5 6,0
31029,'1023506',1517,,470,5,0,5 6,0
31029,'1023507',1217,,471,5,0,5 6,0
31029,'1023508',947,,472,5,0,5 6,0
31029,'1023509',747,,473,5,0,5 6,0
31029,'1023511',1447,,474,5,0,5 6,0
31029,'1023513',647,,475,5,0,5 6,0
31029,'1023518',1617,,476,5,0,5 6,0
31029,'1023526',1247,,477,5,0,5 6,0
31029,'1023527',1747,,478,5,0,5 6,0
31029,'1023529',1017,,479,5,0,5 6,0
31029,'1023539',917,,480,5,0,5 6,0
31029,'1023541',847,,481,5,0,5 6,0
31029,'1023542',1317,,482,5,0,5 6,0
31029,'1023546',1117,,483,5,0,5 6,0
31029,'1023552',1717,,484,5,0,5 6,0
31029,'1023556',1817,,485,5,0,5 6,0
31029,'1023557',1547,,486,5,0,5 6,0
31029,'1023564',1147,,487,5,0,5 6,0
31029,'1023565',1047,,488,5,0,5 6,0
31029,'1023567',817,,489,5,0,5 6,0
31029,'1023576',1647,,490,5,0,5 6,0
31029,'1023582',717,,491,5,0,5 6,0
31029,'1023584',1347,,492,5,0,5 6,0
46019,'1024244',1319,,493,5,,,0
46019,'1024245',819,,494,5,,,0
46019,'1024250',1149,,495,5,,,0
46019,'1024253',1549,,496,5,,,0
46019,'1024263',719,,497,5,,,0
46019,'1024264',1219,,498,5,,,0
46019,'1024266',749,,499,5,,,0
46019,'1024267',1419,,500,5,,,0
46019,'1024268',1619,,501,5,,,0
46019,'1024271',1449,,502,5,,,0
46019,'1024278',1649,,503,5,,,0
46019,'1024282',1119,,504,5,,,0
46019,'1024288',919,,505,5,,,0
46019,'1024289',1719,,506,5,,,0
46019,'1024295',949,,507,5,,,0
46019,'1024296',1749,,508,5,,,0
46019,'1024297',1819,,509,5,,,0
46019,'1024300',1249,,510,5,,,0
46019,'1024301',849,,511,5,,,0
46019,'1024303',1519,,512,5,,,0
46019,'1024304',1049,,513,5,,,0
46019,'1024309',1349,,514,5,,,0
46019,'1024310',649,,515,5,,,0
46019,'1024312',1019,,516,5,,,0
