20019,'1026880',1301,,161,19,,,0
20019,'1026881',1531,,162,19,,,0
20019,'1026885',1801,,163,19,,,0
20019,'1026887',1101,,164,19,,,0
20019,'1026888',1501,,165,19,,,0
20019,'1026889',901,,166,19,,,0
20019,'1026891',1631,,167,19,,,0
20019,'1026892',731,,168,19,,,0
20019,'1026899',1201,,169,19,,,0
20019,'1026900',1601,,170,19,,,0
20019,'1026901',1831,,171,19,,,0
20019,'1026903',931,,172,19,,,0
20019,'1026905',1131,,173,19,,,0
20019,'1026906',1231,,174,19,,,0
20019,'1026907',1001,,175,19,,,0
20019,'1026909',1731,,176,19,,,0
20019,'1026911',701,,177,19,,,0
20019,'1026912',1701,,178,19,,,0
20019,'1026914',1401,,179,19,,,0
20019,'1026915',801,,180,19,,,0
20019,'1026918',831,,181,19,,,0
20019,'1026919',1431,,182,19,,,0
20019,'1026921',1331,,183,19,,,0
20019,'1026922',1031,,184,19,,,0
20019,'1031076',1201,,185,19,,,0
20019,'1031114',901,,186,19,,,0
20019,'1031117',1701,,187,19,,,0
20019,'1031123',1501,,188,19,,,0
20019,'1031134',1631,,189,19,,,0
20019,'1031180',1431,,190,19,,,0
20019,'1031230',1001,,191,19,,,0
20019,'1031240',1801,,192,19,,,0
20019,'1031246',1301,,193,19,,,0
20019,'1031248',2001,,194,19,,,0
20019,'1031270',1231,,195,19,,,0
20019,'1031271',1731,,196,19,,,0
20019,'1031273',1401,,197,19,,,0
20019,'1031309',1131,,198,19,,,0
20019,'1031316',2031,,199,19,,,0
20019,'1031367',931,,200,19,,,0
20019,'1031377',1831,,201,19,,,0
20019,'1031397',1931,,202,19,,,0
20019,'1031410',2101,,203,19,,,0
20019,'1031412',1531,,204,19,,,0
20019,'1031441',1901,,205,19,,,0
20019,'1031442',1331,,206,19,,,0
20019,'1031468',832,,207,19,,,0
20019,'1031488',1601,,208,19,,,0
20019,'1031519',1031,,209,19,,,0
20019,'1031541',1101,,210,19,,,0
