53019,'1024242',1907,2,517,3,,,0
53019,'1024246',2037,2,518,3,,,0
53019,'1024254',2107,2,519,3,,,0
53019,'1024269',2007,2,520,3,,,0
53019,'1024272',2137,2,521,3,,,0
53019,'1024279',2207,2,522,3,,,0
53019,'1024280',1837,2,523,3,,,0
53019,'1024313',1937,2,524,3,,,0
56019,'1023995',917,,598,14,,,0
56019,'1023996',1047,,599,14,,,0
56019,'1024001',817,,600,14,,,0
56019,'1024009',1017,,601,14,,,0
56019,'1024011',1820,3,602,14,,,0
56019,'1024012',1117,,603,14,,,0
56019,'1024019',1550,3,604,14,,,0
56019,'1024026',1520,3,605,14,,,0
56019,'1024027',1750,3,606,14,,,0
56019,'1024031',1150,3,607,14,,,0
56019,'1024039',1450,3,608,14,,,0
56019,'1024041',650,3,609,14,,,0
56019,'1024069',847,,610,14,,,0
56019,'1024071',950,3,611,14,,,0
56019,'1024080',720,3,612,14,,,0
56019,'1024083',1650,3,613,14,,,0
56019,'1024089',1620,3,614,14,,,0
56019,'1024090',1220,3,615,14,,,0
56019,'1024116',1317,,616,14,,,0
56019,'1024120',1247,,617,14,,,0
56019,'1024130',1417,,618,14,,,0
56019,'1024135',1347,,619,14,,,0
56019,'1024139',1720,3,620,14,,,0
56019,'1024140',747,,621,14,,,0
56019,'1031091',1750,3,622,14,,,0
56019,'1031104',1347,,623,14,,,0
56019,'1031125',1550,3,624,14,,,0
56019,'1031129',1247,,625,14,,,0
56019,'1031130',917,,626,14,,,0
56019,'1031138',847,,627,14,,,0
56019,'1031146',950,3,628,14,,,0
56019,'1031158',1820,3,629,14,,,0
56019,'1031174',1650,3,630,14,,,0
56019,'1031176',1720,3,631,14,,,0
56019,'1031184',1550,3,632,14,,,0
56019,'1031187',917,,633,14,,,0
56019,'1031196',817,,634,14,,,0
56019,'1031201',1520,3,635,14,,,0
56019,'1031204',1847,,636,14,,,0
56019,'1031209',1820,3,637,14,,,0
56019,'1031212',847,,638,14,,,0
56019,'1031229',1317,,639,14,,,0
56019,'1031235',1220,3,640,14,,,0
56019,'1031261',1417,,641,14,,,0
56019,'1031274',1150,3,642,14,,,0
56019,'1031319',1520,3,643,14,,,0
56019,'1031337',1920,3,644,14,,,0
56019,'1031343',1920,3,645,14,,,0
56019,'1031348',1417,,646,14,,,0
56019,'1031368',1750,3,647,14,,,0
56019,'1031370',1047,,648,14,,,0
56019,'1031373',1317,,649,14,,,0
56019,'1031376',1017,,650,14,,,0
56019,'1031386',1220,3,651,14,,,0
56019,'1031395',1450,3,652,14,,,0
56019,'1031396',1947,,653,14,,,0
56019,'1031404',1620,3,654,14,,,0
56019,'1031415',1247,,655,14,,,0
56019,'1031416',1047,,656,14,,,0
56019,'1031419',1117,,657,14,,,0
56019,'1031426',2020,3,658,14,,,0
56019,'1031433',1347,,659,14,,,0
56019,'1031449',817,,660,14,,,0
56019,'1031469',1720,3,661,14,,,0
56019,'1031476',1117,,662,14,,,0
56019,'1031478',1847,,663,14,,,0
56019,'1031481',1450,3,664,14,,,0
56019,'1031515',2047,,665,14,,,0
56019,'1031520',1017,,666,14,,,0
56019,'1031522',1150,3,667,14,,,0
56019,'1031528',1620,3,668,14,,,0
56019,'1031532',950,3,669,14,,,0
56019,'1031539',1650,3,670,14,,,0
