30019,'1022006',1908,,341,29,,,0
30019,'1022019',2008,,342,29,,,0
30019,'1022024',1938,,343,29,,,0
30019,'1022033',2108,,344,29,,,0
30019,'1022037',2208,,345,29,,,0
30019,'1022062',2238,,346,29,,,0
30019,'1022075',2038,,347,29,,,0
30019,'1022083',2138,,348,29,,,0
30019,'1031079',1108,,350,15,,,0
30019,'1031081',838,,351,15,,,0
30019,'1031086',1008,,354,15,,,0
30019,'1031094',1338,,355,15,,,0
30019,'1031133',1808,,359,15,,,0
30019,'1031208',1908,,364,15,,,0
30019,'1031244',1738,,366,15,,,0
30019,'1031280',2038,,370,15,,,0
30019,'1031287',1708,,371,15,,,0
30019,'1031295',1208,,373,15,,,0
30019,'1031299',1538,,375,15,,,0
30019,'1031305',1938,,376,15,,,0
30019,'1031308',2008,,378,15,,,0
30019,'1031322',1838,,379,15,,,0
30019,'1031351',1038,,382,15,,,0
30019,'1031405',1508,,385,15,,,0
30019,'1031453',1438,,387,15,,,0
30019,'1031454',938,,388,15,,,0
30019,'1031463',1408,,389,15,,,0
30019,'1031464',908,,390,15,,,0
30019,'1031484',2108,,392,15,,,0
30019,'1031490',1638,,393,15,,,0
30019,'1031521',1238,,396,15,,,0
30019,'1031523',1138,,397,15,,,0
30019,'1031531',1608,,399,15,,,0
30019,'1031535',1308,,400,15,,,0
30019,'1031760',1338,,403,15,,,0
30019,'1031761',1008,,404,15,,,0
30019,'1031764',1738,,407,15,,,0
30019,'1031766',938,,409,15,,,0
30019,'1031767',1638,,410,15,,,0
30019,'1031769',1808,,412,15,,,0
30019,'1031770',1538,,413,15,,,0
30019,'1031772',1708,,415,15,,,0
30019,'1031774',908,,417,15,,,0
30019,'1031784',838,,427,15,,,0
30019,'1031785',1608,,428,15,,,0
30019,'1031787',1038,,430,15,,,0
30019,'1031788',1138,,431,15,,,0
30019,'1031789',1208,,432,15,,,0
30019,'1031791',1238,,434,15,,,0
30019,'1031792',1908,,435,15,,,0
30019,'1031793',1108,,436,15,,,0
30019,'1031797',1408,,440,15,,,0
30019,'1031798',1838,,441,15,,,0
30019,'1031799',1438,,442,15,,,0
30019,'1031800',1308,,443,15,,,0
30019,'1031801',1508,,444,15,,,0
31019,'1023497',938,,445,11,0,5 6,0
31019,'1023498',1608,,446,11,0,5 6,0
31019,'1023502',1808,,447,11,0,5 6,0
31019,'1023504',1108,,448,11,0,5 6,0
31019,'1023514',1508,,449,11,0,5 6,0
31019,'1023515',838,,450,11,0,5 6,0
31019,'1023516',1338,,451,11,0,5 6,0
31019,'1023523',1438,,452,11,0,5 6,0
31019,'1023524',708,,453,11,0,5 6,0
31019,'1023532',1308,,454,11,0,5 6,0
31019,'1023535',1738,,455,11,0,5 6,0
31019,'1023540',1208,,456,11,0,5 6,0
31019,'1023543',1838,,457,11,0,5 6,0
31019,'1023553',1138,,458,11,0,5 6,0
31019,'1023555',1538,,459,11,0,5 6,0
31019,'1023561',1708,,460,11,0,5 6,0
31019,'1023562',1038,,461,11,0,5 6,0
31019,'1023568',1008,2,462,11,0,5 6,0
31019,'1023572',1408,,463,11,0,5 6,0
31019,'1023574',908,,464,11,0,5 6,0
31019,'1023581',1238,,465,11,0,5 6,0
31019,'1023583',808,,466,11,0,5 6,0
31019,'1023586',738,,467,11,0,5 6,0
31019,'1023590',1638,,468,11,0,5 6,0
46019,'1024244',1340,,493,25,,,0
46019,'1024245',840,,494,25,,,0
46019,'1024250',1210,,495,25,,,0
46019,'1024253',1610,,496,25,,,0
46019,'1024263',740,,497,25,,,0
46019,'1024264',1240,,498,25,,,0
46019,'1024266',810,,499,25,,,0
46019,'1024267',1440,,500,25,,,0
46019,'1024268',1640,,501,25,,,0
46019,'1024271',1510,,502,25,,,0
46019,'1024278',1710,,503,25,,,0
46019,'1024282',1140,,504,25,,,0
46019,'1024288',940,,505,25,,,0
46019,'1024289',1740,,506,25,,,0
46019,'1024295',1010,,507,25,,,0
46019,'1024296',1810,,508,25,,,0
46019,'1024297',1840,,509,25,,,0
46019,'1024300',1310,,510,25,,,0
46019,'1024301',910,,511,25,,,0
46019,'1024303',1540,,512,25,,,0
46019,'1024304',1110,,513,25,,,0
46019,'1024309',1410,,514,25,,,0
46019,'1024310',710,,515,25,,,0
46019,'1024312',1040,,516,25,,,0
