20019,'1026880',1248,,161,4,,,0
20019,'1026881',1518,,162,4,,,0
20019,'1026885',1748,,163,4,,,0
20019,'1026887',1048,,164,4,,,0
20019,'1026888',1448,,165,4,,,0
20019,'1026889',848,,166,4,,,0
20019,'1026891',1618,,167,4,,,0
20019,'1026892',718,,168,4,,,0
20019,'1026899',1148,,169,4,,,0
20019,'1026900',1548,,170,4,,,0
20019,'1026901',1818,,171,4,,,0
20019,'1026903',918,,172,4,,,0
20019,'1026905',1118,,173,4,,,0
20019,'1026906',1218,,174,4,,,0
20019,'1026907',948,,175,4,,,0
20019,'1026909',1718,,176,4,,,0
20019,'1026911',648,,177,4,,,0
20019,'1026912',1648,,178,4,,,0
20019,'1026914',1348,,179,4,,,0
20019,'1026915',748,,180,4,,,0
20019,'1026918',818,,181,4,,,0
20019,'1026919',1418,,182,4,,,0
20019,'1026921',1318,,183,4,,,0
20019,'1026922',1018,,184,4,,,0
20019,'1031076',1148,,185,4,,,0
20019,'1031114',848,,186,4,,,0
20019,'1031117',1648,,187,4,,,0
20019,'1031123',1448,,188,4,,,0
20019,'1031134',1618,,189,4,,,0
20019,'1031180',1418,,190,4,,,0
20019,'1031230',948,,191,4,,,0
20019,'1031240',1748,,192,4,,,0
20019,'1031246',1248,,193,4,,,0
20019,'1031248',1948,,194,4,,,0
20019,'1031270',1218,,195,4,,,0
20019,'1031271',1718,,196,4,,,0
20019,'1031273',1348,,197,4,,,0
20019,'1031309',1118,,198,4,,,0
20019,'1031316',2018,,199,4,,,0
20019,'1031367',918,,200,4,,,0
20019,'1031377',1818,,201,4,,,0
20019,'1031397',1918,,202,4,,,0
20019,'1031410',2048,,203,4,,,0
20019,'1031412',1518,,204,4,,,0
20019,'1031441',1848,,205,4,,,0
20019,'1031442',1318,,206,4,,,0
20019,'1031468',818,,207,4,,,0
20019,'1031488',1548,,208,4,,,0
20019,'1031519',1018,,209,4,,,0
20019,'1031541',1048,,210,4,,,0
