21019,'1021456',1100,,211,18,,,0
21019,'1021471',1700,,212,18,,,0
21019,'1021474',1830,,213,18,,,0
21019,'1021550',1030,,214,18,,,0
21019,'1021570',930,,215,18,,,0
21019,'1021573',1500,,216,18,,,0
21019,'1021593',1400,,217,18,,,0
21019,'1021602',1130,,218,18,,,0
21019,'1021624',1000,,219,18,,,0
21019,'1021627',800,,220,18,,,0
21019,'1021655',830,,221,18,,,0
21019,'1021727',1600,,222,18,,,0
21019,'1021738',1230,,223,18,,,0
21019,'1021744',900,,224,18,,,0
21019,'1021749',730,,225,18,,,0
21019,'1021766',1630,,226,18,,,0
21019,'1021767',1800,,227,18,,,0
21019,'1021782',1330,,228,18,,,0
21019,'1021819',1300,,229,18,,,0
21019,'1021826',1530,,230,18,,,0
21019,'1021829',1430,,231,18,,,0
21019,'1021844',700,,232,18,,,0
21019,'1021899',1200,,233,18,,,0
21019,'1021900',1730,,234,18,,,0
21019,'1026826',2131,,235,18,,,0
21019,'1026827',1931,,236,18,,,0
21019,'1026835',2201,,237,18,,,0
21019,'1026837',1901,,238,18,,,0
21019,'1026853',2031,,239,18,,,0
21019,'1026855',2001,,240,18,,,0
21019,'1026862',2231,,241,18,,,0
21019,'1026866',2101,,242,18,,,0
21019,'1031071',1830,,243,18,,,0
21019,'1031083',1500,,244,18,,,0
21019,'1031101',1831,,245,18,,,0
21019,'1031108',1701,,246,18,,,0
21019,'1031131',1731,,247,18,,,0
21019,'1031137',1900,,248,18,,,0
21019,'1031145',900,,249,18,,,0
21019,'1031147',1531,,250,18,,,0
21019,'1031161',1000,,251,18,,,0
21019,'1031163',1930,,252,18,,,0
21019,'1031195',1630,,253,18,,,0
21019,'1031197',1300,,254,18,,,0
21019,'1031215',931,,255,18,,,0
21019,'1031216',901,,256,18,,,0
21019,'1031218',1530,,257,18,,,0
21019,'1031220',2000,,258,18,,,0
21019,'1031241',1231,,259,18,,,0
21019,'1031247',1700,,260,18,,,0
21019,'1031256',1401,,261,18,,,0
21019,'1031262',2030,,262,18,,,0
21019,'1031266',1901,,263,18,,,0
21019,'1031268',1301,,264,18,,,0
21019,'1031279',1200,,265,18,,,0
21019,'1031281',1031,,266,18,,,0
21019,'1031285',1101,,267,18,,,0
21019,'1031298',1801,,268,18,,,0
21019,'1031311',1730,,269,18,,,0
21019,'1031314',1001,,270,18,,,0
21019,'1031315',1601,,271,18,,,0
21019,'1031328',1131,,272,18,,,0
21019,'1031332',831,,273,18,,,0
21019,'1031341',2100,,274,18,,,0
21019,'1031345',1331,,275,18,,,0
21019,'1031349',1501,,276,18,,,0
21019,'1031358',1600,,277,18,,,0
21019,'1031372',1201,,278,18,,,0
21019,'1031382',1430,,279,18,,,0
21019,'1031418',1130,,280,18,,,0
21019,'1031425',1631,,281,18,,,0
21019,'1031432',1330,,282,18,,,0
21019,'1031446',1431,,283,18,,,0
21019,'1031447',1400,,284,18,,,0
21019,'1031451',1030,,285,18,,,0
21019,'1031456',930,,286,18,,,0
21019,'1031460',830,,287,18,,,0
21019,'1031465',1100,,288,18,,,0
21019,'1031508',1800,,289,18,,,0
21019,'1031525',1230,,290,18,,,0
