22019,'1022997',737,,291,19,,,0
22019,'1023022',807,,292,19,,,0
22019,'1023024',837,,293,19,,,0
22019,'1023029',707,,294,19,,,0
22019,'1031072',1707,,295,18,,,0
22019,'1031092',1807,,296,18,,,0
22019,'1031115',907,,297,18,,,0
22019,'1031118',1607,,298,18,,,0
22019,'1031144',1637,,299,18,,,0
22019,'1031148',1837,,300,18,,,0
22019,'1031154',1937,,301,18,,,0
22019,'1031183',1107,,302,18,,,0
22019,'1031207',1407,,303,18,,,0
22019,'1031214',937,,304,18,,,0
22019,'1031231',2037,,305,18,,,0
22019,'1031242',1907,,306,18,,,0
22019,'1031254',1137,,307,18,,,0
22019,'1031263',1007,,308,18,,,0
22019,'1031347',837,,309,18,,,0
22019,'1031350',1737,,310,18,,,0
22019,'1031371',1437,,311,18,,,0
22019,'1031380',1337,,312,18,,,0
22019,'1031420',1237,,313,18,,,0
22019,'1031434',1307,,314,18,,,0
22019,'1031438',2007,,315,18,,,0
22019,'1031492',1037,,316,18,,,0
22019,'1031495',2107,,317,18,,,0
22019,'1031502',1207,,318,18,,,0
22019,'1031527',1537,,319,18,,,0
22019,'1031542',1507,,320,18,,,0
22019,'1032755',1607,,321,19,,,0
22019,'1032756',1837,,322,19,,,0
22019,'1032773',1707,,323,19,,,0
22019,'1032797',1307,,324,19,,,0
22019,'1032815',1107,,325,19,,,0
22019,'1032835',1507,,326,19,,,0
22019,'1032845',937,,327,19,,,0
22019,'1032853',1237,,328,19,,,0
22019,'1032859',1137,,329,19,,,0
22019,'1032863',1807,,330,19,,,0
22019,'1032864',1637,,331,19,,,0
22019,'1032879',1037,,332,19,,,0
22019,'1032880',1337,,333,19,,,0
22019,'1032886',1207,,334,19,,,0
22019,'1032888',1407,,335,19,,,0
22019,'1032891',1737,,336,19,,,0
22019,'1032902',907,,337,19,,,0
22019,'1032903',1007,,338,19,,,0
22019,'1032927',1437,,339,19,,,0
22019,'1032931',1537,,340,19,,,0
