30019,'1022006',1906,,341,26,,,0
30019,'1022019',2006,,342,26,,,0
30019,'1022024',1936,,343,26,,,0
30019,'1022033',2106,,344,26,,,0
30019,'1022037',2206,,345,26,,,0
30019,'1022062',2236,,346,26,,,0
30019,'1022075',2036,,347,26,,,0
30019,'1022083',2136,,348,26,,,0
30019,'1031079',1106,,350,12,,,0
30019,'1031081',836,,351,12,,,0
30019,'1031086',1006,,354,12,,,0
30019,'1031094',1336,,355,12,,,0
30019,'1031133',1806,,359,12,,,0
30019,'1031208',1906,,364,12,,,0
30019,'1031244',1736,,366,12,,,0
30019,'1031280',2036,,370,12,,,0
30019,'1031287',1706,,371,12,,,0
30019,'1031295',1206,,373,12,,,0
30019,'1031299',1536,,375,12,,,0
30019,'1031305',1936,,376,12,,,0
30019,'1031308',2006,,378,12,,,0
30019,'1031322',1836,,379,12,,,0
30019,'1031351',1036,,382,12,,,0
30019,'1031405',1506,,385,12,,,0
30019,'1031453',1436,,387,12,,,0
30019,'1031454',936,,388,12,,,0
30019,'1031463',1406,,389,12,,,0
30019,'1031464',906,,390,12,,,0
30019,'1031484',2106,,392,12,,,0
30019,'1031490',1636,,393,12,,,0
30019,'1031521',1236,,396,12,,,0
30019,'1031523',1136,,397,12,,,0
30019,'1031531',1606,,399,12,,,0
30019,'1031535',1306,,400,12,,,0
30019,'1031760',1336,,403,12,,,0
30019,'1031761',1006,,404,12,,,0
30019,'1031764',1736,,407,12,,,0
30019,'1031766',936,,409,12,,,0
30019,'1031767',1636,,410,12,,,0
30019,'1031769',1806,,412,12,,,0
30019,'1031770',1536,,413,12,,,0
30019,'1031772',1706,,415,12,,,0
30019,'1031774',906,,417,12,,,0
30019,'1031784',836,,427,12,,,0
30019,'1031785',1606,,428,12,,,0
30019,'1031787',1036,,430,12,,,0
30019,'1031788',1136,,431,12,,,0
30019,'1031789',1206,,432,12,,,0
30019,'1031791',1236,,434,12,,,0
30019,'1031792',1906,,435,12,,,0
30019,'1031793',1106,,436,12,,,0
30019,'1031797',1406,,440,12,,,0
30019,'1031798',1836,,441,12,,,0
30019,'1031799',1436,,442,12,,,0
30019,'1031800',1306,,443,12,,,0
30019,'1031801',1506,,444,12,,,0
31019,'1023497',936,,445,8,0,5 6,0
31019,'1023498',1606,,446,8,0,5 6,0
31019,'1023502',1806,,447,8,0,5 6,0
31019,'1023504',1106,,448,8,0,5 6,0
31019,'1023514',1506,,449,8,0,5 6,0
31019,'1023515',836,,450,8,0,5 6,0
31019,'1023516',1336,,451,8,0,5 6,0
31019,'1023523',1436,,452,8,0,5 6,0
31019,'1023524',706,,453,8,0,5 6,0
31019,'1023532',1306,,454,8,0,5 6,0
31019,'1023535',1736,,455,8,0,5 6,0
31019,'1023540',1206,,456,8,0,5 6,0
31019,'1023543',1836,,457,8,0,5 6,0
31019,'1023553',1136,,458,8,0,5 6,0
31019,'1023555',1536,,459,8,0,5 6,0
31019,'1023561',1706,,460,8,0,5 6,0
31019,'1023562',1036,,461,8,0,5 6,0
31019,'1023568',1005,,462,8,0,5 6,0
31019,'1023572',1406,,463,8,0,5 6,0
31019,'1023574',906,,464,8,0,5 6,0
31019,'1023581',1236,,465,8,0,5 6,0
31019,'1023583',806,,466,8,0,5 6,0
31019,'1023586',736,,467,8,0,5 6,0
31019,'1023590',1636,,468,8,0,5 6,0
46019,'1024244',1337,,493,22,,,0
46019,'1024245',837,,494,22,,,0
46019,'1024250',1207,,495,22,,,0
46019,'1024253',1607,,496,22,,,0
46019,'1024263',737,,497,22,,,0
46019,'1024264',1237,,498,22,,,0
46019,'1024266',807,,499,22,,,0
46019,'1024267',1437,,500,22,,,0
46019,'1024268',1637,,501,22,,,0
46019,'1024271',1507,,502,22,,,0
46019,'1024278',1707,,503,22,,,0
46019,'1024282',1137,,504,22,,,0
46019,'1024288',937,,505,22,,,0
46019,'1024289',1737,,506,22,,,0
46019,'1024295',1007,,507,22,,,0
46019,'1024296',1807,,508,22,,,0
46019,'1024297',1837,,509,22,,,0
46019,'1024300',1307,,510,22,,,0
46019,'1024301',907,,511,22,,,0
46019,'1024303',1537,,512,22,,,0
46019,'1024304',1107,,513,22,,,0
46019,'1024309',1407,,514,22,,,0
46019,'1024310',707,,515,22,,,0
46019,'1024312',1037,,516,22,,,0
