11019,'1032754',1437,,81,21,,,0
11019,'1032757',909,,82,21,,,0
11019,'1032758',1339,,83,21,,,0
11019,'1032760',2239,,84,21,,,0
11019,'1032761',2109,,85,21,,,0
11019,'1032765',1809,,86,21,,,0
11019,'1032766',1537,,87,21,,,0
11019,'1032768',1539,,88,21,,,0
11019,'1032771',2039,,89,21,,,0
11019,'1032772',1409,,90,21,,,0
11019,'1032774',907,,91,21,,,0
11019,'1032775',1009,,92,21,,,0
11019,'1032776',1837,,93,21,,,0
11019,'1032777',1139,,94,21,,,0
11019,'1032779',1739,,95,21,,,0
11019,'1032780',1509,,96,21,,,0
11019,'1032781',1639,,97,21,,,0
11019,'1032784',1239,,98,21,,,0
11019,'1032785',1839,,99,21,,,0
11019,'1032787',1609,,100,21,,,0
11019,'1032795',1407,,101,21,,,0
11019,'1032796',1209,,102,21,,,0
11019,'1032798',1507,,103,21,,,0
11019,'1032801',1337,,104,21,,,0
11019,'1032803',1037,,105,21,,,0
11019,'1032804',1309,,106,21,,,0
11019,'1032807',1809,,107,21,,,0
11019,'1032809',2009,,108,21,,,0
11019,'1032810',1439,,109,21,,,0
11019,'1032814',1609,,110,21,,,0
11019,'1032816',2009,,111,21,,,0
11019,'1032817',1939,,112,21,,,0
11019,'1032820',909,,113,21,,,0
11019,'1032821',1239,,114,21,,,0
11019,'1032822',937,,115,21,,,0
11019,'1032823',1007,,116,21,,,0
11019,'1032824',1039,,117,21,,,0
11019,'1032826',1709,,118,21,,,0
11019,'1032827',1107,,119,21,,,0
11019,'1032828',809,,120,21,,,0
11019,'1032831',1339,,121,21,,,0
11019,'1032834',1039,,122,21,,,0
11019,'1032838',2109,,123,21,,,0
11019,'1032839',1807,,124,21,,,0
11019,'1032841',1939,,125,21,,,0
11019,'1032846',739,,126,21,,,0
11019,'1032848',1900,,127,21,,,0
11019,'1032850',1607,,128,21,,,0
11019,'1032857',1839,,129,21,,,0
11019,'1032858',2039,,130,21,,,0
11019,'1032860',1109,,131,21,,,0
11019,'1032862',1900,,132,21,,,0
11019,'1032865',839,,133,21,,,0
11019,'1032866',939,,134,21,,,0
11019,'1032867',1639,,135,21,,,0
11019,'1032871',1709,,136,21,,,0
11019,'1032872',1439,,137,21,,,0
11019,'1032875',1137,,138,21,,,0
11019,'1032876',1139,,139,21,,,0
11019,'1032881',1907,,140,21,,,0
11019,'1032882',939,,141,21,,,0
11019,'1032883',2139,,142,21,,,0
11019,'1032885',1737,,143,21,,,0
11019,'1032887',1739,,144,21,,,0
11019,'1032890',1637,,145,21,,,0
11019,'1032892',1009,,146,21,,,0
11019,'1032894',1307,,147,21,,,0
11019,'1032896',1109,,148,21,,,0
11019,'1032901',1207,,149,21,,,0
11019,'1032904',2209,,150,21,,,0
11019,'1032906',1309,,151,21,,,0
11019,'1032908',836,,152,21,,,0
11019,'1032909',839,,153,21,,,0
11019,'1032911',1409,,154,21,,,0
11019,'1032913',709,,155,21,,,0
11019,'1032917',1237,,156,21,,,0
11019,'1032919',1539,,157,21,,,0
11019,'1032926',1509,,158,21,,,0
11019,'1032928',1209,,159,21,,,0
11019,'1032930',1707,,160,21,,,0
