56019,'1023995',909,,598,5,,,0
56019,'1023996',1039,,599,5,,,0
56019,'1024001',808,,600,5,,,0
56019,'1024009',1009,,601,5,,,0
56019,'1024011',1809,,602,5,,,0
56019,'1024012',1109,,603,5,,,0
56019,'1024019',1539,,604,5,,,0
56019,'1024026',1509,,605,5,,,0
56019,'1024027',1739,,606,5,,,0
56019,'1024031',1139,,607,5,,,0
56019,'1024039',1439,,608,5,,,0
56019,'1024041',639,,609,5,,,0
56019,'1024069',839,,610,5,,,0
56019,'1024071',939,,611,5,,,0
56019,'1024080',709,,612,5,,,0
56019,'1024083',1639,,613,5,,,0
56019,'1024089',1609,,614,5,,,0
56019,'1024090',1209,,615,5,,,0
56019,'1024116',1309,,616,5,,,0
56019,'1024120',1239,,617,5,,,0
56019,'1024130',1409,,618,5,,,0
56019,'1024135',1339,,619,5,,,0
56019,'1024139',1709,,620,5,,,0
56019,'1024140',739,,621,5,,,0
56019,'1031091',1739,,622,5,,,0
56019,'1031104',1339,,623,5,,,0
56019,'1031125',1539,,624,5,,,0
56019,'1031129',1239,,625,5,,,0
56019,'1031130',909,,626,5,,,0
56019,'1031138',839,,627,5,,,0
56019,'1031146',939,,628,5,,,0
56019,'1031158',1809,,629,5,,,0
56019,'1031174',1639,,630,5,,,0
56019,'1031176',1709,,631,5,,,0
56019,'1031184',1539,,632,5,,,0
56019,'1031187',909,,633,5,,,0
56019,'1031196',808,,634,5,,,0
56019,'1031201',1509,,635,5,,,0
56019,'1031204',1839,,636,5,,,0
56019,'1031209',1809,,637,5,,,0
56019,'1031212',839,,638,5,,,0
56019,'1031229',1309,,639,5,,,0
56019,'1031235',1209,,640,5,,,0
56019,'1031261',1409,,641,5,,,0
56019,'1031274',1139,,642,5,,,0
56019,'1031319',1509,,643,5,,,0
56019,'1031337',1909,,644,5,,,0
56019,'1031343',1909,,645,5,,,0
56019,'1031348',1409,,646,5,,,0
56019,'1031368',1739,,647,5,,,0
56019,'1031370',1039,,648,5,,,0
56019,'1031373',1309,,649,5,,,0
56019,'1031376',1009,,650,5,,,0
56019,'1031386',1209,,651,5,,,0
56019,'1031395',1439,,652,5,,,0
56019,'1031396',1939,,653,5,,,0
56019,'1031404',1609,,654,5,,,0
56019,'1031415',1239,,655,5,,,0
56019,'1031416',1039,,656,5,,,0
56019,'1031419',1109,,657,5,,,0
56019,'1031426',2009,,658,5,,,0
56019,'1031433',1339,,659,5,,,0
56019,'1031449',808,,660,5,,,0
56019,'1031469',1709,,661,5,,,0
56019,'1031476',1109,,662,5,,,0
56019,'1031478',1839,,663,5,,,0
56019,'1031481',1439,,664,5,,,0
56019,'1031515',2039,,665,5,,,0
56019,'1031520',1009,,666,5,,,0
56019,'1031522',1139,,667,5,,,0
56019,'1031528',1609,,668,5,,,0
56019,'1031532',939,,669,5,,,0
56019,'1031539',1639,,670,5,,,0
61019,'1023602',2205,,671,10,,,0
61019,'1023615',2036,,678,10,,,0
61019,'1023622',2135,,682,10,,,0
61019,'1023627',1836,,684,10,,,0
61019,'1023628',1906,,685,10,,,0
61019,'1023640',2006,,692,10,,,0
61019,'1023649',1936,,697,10,,,0
61019,'1023654',2106,,701,10,,,0
