56019,'1023995',910,,598,6,,,0
56019,'1023996',1040,,599,6,,,0
56019,'1024001',809,,600,6,,,0
56019,'1024009',1010,,601,6,,,0
56019,'1024011',1810,,602,6,,,0
56019,'1024012',1110,,603,6,,,0
56019,'1024019',1540,,604,6,,,0
56019,'1024026',1510,,605,6,,,0
56019,'1024027',1740,,606,6,,,0
56019,'1024031',1140,,607,6,,,0
56019,'1024039',1440,,608,6,,,0
56019,'1024041',640,,609,6,,,0
56019,'1024069',840,,610,6,,,0
56019,'1024071',940,,611,6,,,0
56019,'1024080',710,,612,6,,,0
56019,'1024083',1640,,613,6,,,0
56019,'1024089',1610,,614,6,,,0
56019,'1024090',1210,,615,6,,,0
56019,'1024116',1310,,616,6,,,0
56019,'1024120',1240,,617,6,,,0
56019,'1024130',1410,,618,6,,,0
56019,'1024135',1340,,619,6,,,0
56019,'1024139',1710,,620,6,,,0
56019,'1024140',740,,621,6,,,0
56019,'1031091',1740,,622,6,,,0
56019,'1031104',1340,,623,6,,,0
56019,'1031125',1540,,624,6,,,0
56019,'1031129',1240,,625,6,,,0
56019,'1031130',910,,626,6,,,0
56019,'1031138',840,,627,6,,,0
56019,'1031146',940,,628,6,,,0
56019,'1031158',1810,,629,6,,,0
56019,'1031174',1640,,630,6,,,0
56019,'1031176',1710,,631,6,,,0
56019,'1031184',1540,,632,6,,,0
56019,'1031187',910,,633,6,,,0
56019,'1031196',809,,634,6,,,0
56019,'1031201',1510,,635,6,,,0
56019,'1031204',1840,,636,6,,,0
56019,'1031209',1810,,637,6,,,0
56019,'1031212',840,,638,6,,,0
56019,'1031229',1310,,639,6,,,0
56019,'1031235',1210,,640,6,,,0
56019,'1031261',1410,,641,6,,,0
56019,'1031274',1140,,642,6,,,0
56019,'1031319',1510,,643,6,,,0
56019,'1031337',1910,,644,6,,,0
56019,'1031343',1910,,645,6,,,0
56019,'1031348',1410,,646,6,,,0
56019,'1031368',1740,,647,6,,,0
56019,'1031370',1040,,648,6,,,0
56019,'1031373',1310,,649,6,,,0
56019,'1031376',1010,,650,6,,,0
56019,'1031386',1210,,651,6,,,0
56019,'1031395',1440,,652,6,,,0
56019,'1031396',1940,,653,6,,,0
56019,'1031404',1610,,654,6,,,0
56019,'1031415',1240,,655,6,,,0
56019,'1031416',1040,,656,6,,,0
56019,'1031419',1110,,657,6,,,0
56019,'1031426',2010,,658,6,,,0
56019,'1031433',1340,,659,6,,,0
56019,'1031449',809,,660,6,,,0
56019,'1031469',1710,,661,6,,,0
56019,'1031476',1110,,662,6,,,0
56019,'1031478',1840,,663,6,,,0
56019,'1031481',1440,,664,6,,,0
56019,'1031515',2040,,665,6,,,0
56019,'1031520',1010,,666,6,,,0
56019,'1031522',1140,,667,6,,,0
56019,'1031528',1610,,668,6,,,0
56019,'1031532',940,,669,6,,,0
56019,'1031539',1640,,670,6,,,0
61019,'1023602',2205,,671,11,,,0
61019,'1023615',2036,,678,11,,,0
61019,'1023622',2135,,682,11,,,0
61019,'1023627',1836,,684,11,,,0
61019,'1023628',1906,,685,11,,,0
61019,'1023640',2006,,692,11,,,0
61019,'1023649',1936,,697,11,,,0
61019,'1023654',2106,,701,11,,,0
