53019,'1034060',734,,526,5,,,0
53019,'1034065',1404,,529,5,,,0
53019,'1034070',1534,,531,5,,,0
53019,'1034074',934,,533,5,,,0
53019,'1034079',1634,,535,5,,,0
53019,'1034082',1734,,536,5,,,0
53019,'1034087',834,,539,5,,,0
53019,'1034102',804,,545,5,,,0
53019,'1034106',1234,,548,5,,,0
53019,'1034115',1134,,552,5,,,0
53019,'1034120',1704,,554,5,,,0
53019,'1034122',704,,556,5,,,0
53019,'1034124',1604,,558,5,,,0
53019,'1034127',904,,560,5,,,0
53019,'1034128',1334,,561,5,,,0
53019,'1034151',1034,,570,5,,,0
53019,'1034165',1504,,577,5,,,0
53019,'1034168',1204,,578,5,,,0
53019,'1034178',1304,,580,5,,,0
53019,'1034192',1804,,587,5,,,0
53019,'1034194',1104,,589,5,,,0
53019,'1034196',1004,,591,5,,,0
53019,'1034204',1434,,596,5,,,0
53019,'1034205',634,,597,5,,,0
