22019,'1022997',726,,291,14,,,0
22019,'1023022',756,,292,14,,,0
22019,'1023024',826,,293,14,,,0
22019,'1023029',656,,294,14,,,0
22019,'1031072',1656,,295,14,,,0
22019,'1031092',1756,,296,14,,,0
22019,'1031115',856,,297,14,,,0
22019,'1031118',1556,,298,14,,,0
22019,'1031144',1626,,299,14,,,0
22019,'1031148',1826,,300,14,,,0
22019,'1031154',1926,,301,14,,,0
22019,'1031183',1056,,302,14,,,0
22019,'1031207',1356,,303,14,,,0
22019,'1031214',926,,304,14,,,0
22019,'1031231',2026,,305,14,,,0
22019,'1031242',1856,,306,14,,,0
22019,'1031254',1126,,307,14,,,0
22019,'1031263',956,,308,14,,,0
22019,'1031347',826,,309,14,,,0
22019,'1031350',1726,,310,14,,,0
22019,'1031371',1426,,311,14,,,0
22019,'1031380',1326,,312,14,,,0
22019,'1031420',1226,,313,14,,,0
22019,'1031434',1256,,314,14,,,0
22019,'1031438',1956,,315,14,,,0
22019,'1031492',1026,,316,14,,,0
22019,'1031495',2056,,317,14,,,0
22019,'1031502',1156,,318,14,,,0
22019,'1031527',1526,,319,14,,,0
22019,'1031542',1456,,320,14,,,0
22019,'1032755',1556,,321,14,,,0
22019,'1032756',1826,,322,14,,,0
22019,'1032773',1656,,323,14,,,0
22019,'1032797',1256,,324,14,,,0
22019,'1032815',1056,,325,14,,,0
22019,'1032835',1456,,326,14,,,0
22019,'1032845',926,,327,14,,,0
22019,'1032853',1226,,328,14,,,0
22019,'1032859',1126,,329,14,,,0
22019,'1032863',1756,,330,14,,,0
22019,'1032864',1626,,331,14,,,0
22019,'1032879',1026,,332,14,,,0
22019,'1032880',1326,,333,14,,,0
22019,'1032886',1156,,334,14,,,0
22019,'1032888',1356,,335,14,,,0
22019,'1032891',1726,,336,14,,,0
22019,'1032902',856,,337,14,,,0
22019,'1032903',956,,338,14,,,0
22019,'1032927',1426,,339,14,,,0
22019,'1032931',1526,,340,14,,,0
