20019,'1026880',1302,,161,20,,,0
20019,'1026881',1532,,162,20,,,0
20019,'1026885',1802,,163,20,,,0
20019,'1026887',1102,,164,20,,,0
20019,'1026888',1502,,165,20,,,0
20019,'1026889',902,,166,20,,,0
20019,'1026891',1632,,167,20,,,0
20019,'1026892',732,,168,20,,,0
20019,'1026899',1202,,169,20,,,0
20019,'1026900',1602,,170,20,,,0
20019,'1026901',1832,,171,20,,,0
20019,'1026903',932,,172,20,,,0
20019,'1026905',1132,,173,20,,,0
20019,'1026906',1232,,174,20,,,0
20019,'1026907',1002,,175,20,,,0
20019,'1026909',1732,,176,20,,,0
20019,'1026911',702,,177,20,,,0
20019,'1026912',1702,,178,20,,,0
20019,'1026914',1402,,179,20,,,0
20019,'1026915',801,,180,20,,,0
20019,'1026918',832,,181,20,,,0
20019,'1026919',1432,,182,20,,,0
20019,'1026921',1332,,183,20,,,0
20019,'1026922',1032,,184,20,,,0
20019,'1031076',1202,,185,20,,,0
20019,'1031114',902,,186,20,,,0
20019,'1031117',1702,,187,20,,,0
20019,'1031123',1502,,188,20,,,0
20019,'1031134',1632,,189,20,,,0
20019,'1031180',1432,,190,20,,,0
20019,'1031230',1002,,191,20,,,0
20019,'1031240',1802,,192,20,,,0
20019,'1031246',1302,,193,20,,,0
20019,'1031248',2002,,194,20,,,0
20019,'1031270',1232,,195,20,,,0
20019,'1031271',1732,,196,20,,,0
20019,'1031273',1402,,197,20,,,0
20019,'1031309',1132,,198,20,,,0
20019,'1031316',2032,,199,20,,,0
20019,'1031367',932,,200,20,,,0
20019,'1031377',1832,,201,20,,,0
20019,'1031397',1932,,202,20,,,0
20019,'1031410',2102,,203,20,,,0
20019,'1031412',1532,,204,20,,,0
20019,'1031441',1902,,205,20,,,0
20019,'1031442',1332,,206,20,,,0
20019,'1031468',835,2,207,20,,,0
20019,'1031488',1602,,208,20,,,0
20019,'1031519',1032,,209,20,,,0
20019,'1031541',1102,,210,20,,,0
