46019,'1024244',1326,,493,11,,,0
46019,'1024245',826,,494,11,,,0
46019,'1024250',1156,,495,11,,,0
46019,'1024253',1556,,496,11,,,0
46019,'1024263',726,,497,11,,,0
46019,'1024264',1226,,498,11,,,0
46019,'1024266',756,,499,11,,,0
46019,'1024267',1426,,500,11,,,0
46019,'1024268',1626,,501,11,,,0
46019,'1024271',1456,,502,11,,,0
46019,'1024278',1656,,503,11,,,0
46019,'1024282',1126,,504,11,,,0
46019,'1024288',926,,505,11,,,0
46019,'1024289',1726,,506,11,,,0
46019,'1024295',956,,507,11,,,0
46019,'1024296',1756,,508,11,,,0
46019,'1024297',1826,,509,11,,,0
46019,'1024300',1256,,510,11,,,0
46019,'1024301',856,,511,11,,,0
46019,'1024303',1526,,512,11,,,0
46019,'1024304',1056,,513,11,,,0
46019,'1024309',1356,,514,11,,,0
46019,'1024310',656,,515,11,,,0
46019,'1024312',1026,,516,11,,,0
