46019,'1024244',1331,,493,15,,,0
46019,'1024245',831,,494,15,,,0
46019,'1024250',1201,,495,15,,,0
46019,'1024253',1601,,496,15,,,0
46019,'1024263',731,,497,15,,,0
46019,'1024264',1231,,498,15,,,0
46019,'1024266',801,,499,15,,,0
46019,'1024267',1431,,500,15,,,0
46019,'1024268',1631,,501,15,,,0
46019,'1024271',1501,,502,15,,,0
46019,'1024278',1701,,503,15,,,0
46019,'1024282',1131,,504,15,,,0
46019,'1024288',931,,505,15,,,0
46019,'1024289',1731,,506,15,,,0
46019,'1024295',1001,,507,15,,,0
46019,'1024296',1801,,508,15,,,0
46019,'1024297',1831,,509,15,,,0
46019,'1024300',1301,,510,15,,,0
46019,'1024301',901,,511,15,,,0
46019,'1024303',1531,,512,15,,,0
46019,'1024304',1101,,513,15,,,0
46019,'1024309',1401,,514,15,,,0
46019,'1024310',701,,515,15,,,0
46019,'1024312',1031,,516,15,,,0
