31029,'1023499',1418,,469,7,0,5 6,0
31029,'1023506',1518,,470,7,0,5 6,0
31029,'1023507',1218,,471,7,0,5 6,0
31029,'1023508',948,,472,7,0,5 6,0
31029,'1023509',748,,473,7,0,5 6,0
31029,'1023511',1448,,474,7,0,5 6,0
31029,'1023513',648,,475,7,0,5 6,0
31029,'1023518',1618,,476,7,0,5 6,0
31029,'1023526',1248,,477,7,0,5 6,0
31029,'1023527',1748,,478,7,0,5 6,0
31029,'1023529',1018,,479,7,0,5 6,0
31029,'1023539',918,,480,7,0,5 6,0
31029,'1023541',848,,481,7,0,5 6,0
31029,'1023542',1318,,482,7,0,5 6,0
31029,'1023546',1118,,483,7,0,5 6,0
31029,'1023552',1718,,484,7,0,5 6,0
31029,'1023556',1818,,485,7,0,5 6,0
31029,'1023557',1548,,486,7,0,5 6,0
31029,'1023564',1148,,487,7,0,5 6,0
31029,'1023565',1048,,488,7,0,5 6,0
31029,'1023567',818,,489,7,0,5 6,0
31029,'1023576',1648,,490,7,0,5 6,0
31029,'1023582',718,,491,7,0,5 6,0
31029,'1023584',1348,,492,7,0,5 6,0
